1	1858.312378
2	1584.041016
3	1487.411499
4	1434.588257
5	1398.637573
6	1371.560547
7	1349.930420
8	1331.977905
9	1316.663086
10	1303.334717
11	1291.550293
12	1281.000000
13	1271.460449
14	1262.758179
15	1254.766113
16	1247.376709
17	1240.513672
18	1234.106812
19	1228.102051
20	1222.452637
21	1217.121338
22	1212.075562
23	1207.287964
24	1202.732422
25	1198.390259
26	1194.241821
27	1190.272949
28	1186.467041
29	1182.814209
30	1179.300659
31	1175.917847
32	1172.656372
33	2204.922119
34	1567.628296
35	1405.814087
36	1323.890015
37	1270.606445
38	1231.762817
39	1201.513550
40	1176.920166
41	1156.307617
42	1138.636353
43	1123.216919
44	1109.576172
45	1097.368774
46	1086.340820
47	1076.298706
48	1067.093018
49	1058.601685
50	1050.730225
51	1043.399658
52	1036.546143
53	1030.113647
54	1024.057861
55	1018.340759
56	1012.928040
57	1007.791199
58	1002.904724
59	998.247986
60	993.801758
61	989.548645
62	985.473206
63	981.562805
64	977.806335
65	4292.537598
66	3666.623291
67	3445.853516
68	3325.027344
69	3242.736816
70	3180.724854
71	3131.174072
72	3090.028809
73	3054.922119
74	3024.360107
75	2997.331543
76	2973.132812
77	2951.245361
78	2931.279785
79	2912.934814
80	2895.978516
81	2880.221680
82	2865.512451
83	2851.722168
84	2838.752197
85	2826.510498
86	2814.920654
87	2803.922363
88	2793.458252
89	2783.481689
90	2773.952637
91	2764.830566
92	2756.088623
93	2747.690918
94	2739.615967
95	2731.841797
96	2724.346436
97	4299.623535
98	3770.552734
99	3567.469238
100	3453.456543
101	3374.795410
102	3315.019043
103	3266.962646
104	3226.870361
105	3192.536621
106	3162.549561
107	3135.961670
108	3112.100342
109	3090.473633
110	3070.707520
111	3052.519531
112	3035.681396
113	3020.015869
114	3005.370117
115	2991.625732
116	2978.685547
117	2966.459473
118	2954.874512
119	2943.870850
120	2933.392578
121	2923.398926
122	2913.840820
123	2904.689209
124	2895.908203
125	2887.473145
126	2879.355957
127	2871.534668
128	2863.992676
129	2870.188965
130	2521.440186
131	2386.317383
132	2310.301758
133	2257.815430
134	2217.914062
135	2185.827881
136	2159.054443
137	2136.123047
138	2116.094238
139	2098.335205
140	2082.395264
141	2067.945801
142	2054.740967
143	2042.589478
144	2031.341797
145	2020.873535
146	2011.088501
147	2001.906128
148	1993.256592
149	1985.087891
150	1977.346191
151	1969.993164
152	1962.991821
153	1956.312744
154	1949.925903
155	1943.808105
156	1937.942627
157	1932.304810
158	1926.880249
159	1921.654541
160	1916.612183
161	972.951721
162	853.658691
163	807.710876
164	781.881714
165	764.052490
166	750.501343
167	739.604919
168	730.514954
169	722.730042
170	715.930847
171	709.903259
172	704.493713
173	699.590637
174	695.110657
175	690.988159
176	687.172119
177	683.621094
178	680.302429
179	677.188171
180	674.255249
181	671.484924
182	668.859985
183	666.366943
184	663.993042
185	661.728149
186	659.563782
187	657.490234
188	655.501282
189	653.590698
190	651.752136
191	649.980591
192	648.272644
193	387.006012
194	225.735504
195	186.683426
196	167.786179
197	156.084503
198	147.957184
199	141.865585
200	137.140961
201	133.253845
202	129.981476
203	127.201157
204	124.792923
205	122.698257
206	120.867958
207	119.220451
208	117.723381
209	116.351006
210	115.091438
211	113.936989
212	112.890831
213	111.926613
214	111.028549
215	110.187439
216	109.399963
217	108.663536
218	107.966034
219	107.310234
220	106.686218
221	106.093681
222	105.529747
223	104.991852
224	104.481392
225	910.807556
226	658.907104
227	591.443665
228	560.882568
229	542.120361
230	529.229492
231	519.510132
232	511.576263
233	504.966949
234	499.317505
235	494.391052
236	490.041626
237	486.127960
238	482.568634
239	479.333862
240	476.378540
241	473.672058
242	471.185394
243	468.861816
244	466.680054
245	464.632324
246	462.703125
247	460.871063
248	459.129425
249	457.471558
250	455.890686
251	454.377350
252	452.932739
253	451.548920
254	450.224152
255	448.948517
256	447.718018
257	1476.969604
258	1287.108032
259	1215.187012
260	1174.990845
261	1147.333496
262	1126.356689
263	1109.519897
264	1095.491577
265	1083.490112
266	1073.019165
267	1063.742065
268	1055.422241
269	1047.886353
270	1041.004639
271	1034.673828
272	1028.817871
273	1023.370728
274	1018.281494
275	1013.507324
276	1009.013000
277	1004.768921
278	1000.749451
279	996.932312
280	993.299255
281	989.833008
282	986.520996
283	983.349731
284	980.308289
285	977.386658
286	974.576111
287	971.869385
288	969.257690
289	1517.342041
290	1309.286011
291	1233.263672
292	1191.210083
293	1162.412964
294	1140.637085
295	1123.194458
296	1108.682495
297	1096.283569
298	1085.475098
299	1075.909302
300	1067.335327
301	1059.573975
302	1052.489746
303	1045.977417
304	1039.955566
305	1034.355347
306	1029.125610
307	1024.220825
308	1019.606201
309	1015.248230
310	1011.122498
311	1007.205566
312	1003.478760
313	999.924316
314	996.527161
315	993.276123
316	990.158020
317	987.163513
318	984.283691
319	981.510376
320	978.835449
321	944.164795
322	819.290649
323	773.053711
324	747.394165
325	729.788635
326	716.456543
327	705.763062
328	696.858887
329	689.244141
330	682.601562
331	676.717712
332	671.442200
333	666.663818
334	662.300415
335	658.287231
336	654.574585
337	651.121277
338	647.894409
339	644.868225
340	642.019531
341	639.328918
342	636.780945
343	634.360901
344	632.057800
345	629.860962
346	627.760803
347	625.750366
348	623.822693
349	621.970337
350	620.188965
351	618.472473
352	616.817444
353	245.859329
354	215.707809
355	204.388229
356	198.076385
357	193.730026
358	190.427780
359	187.772385
360	185.556854
361	183.659012
362	182.001007
363	180.530518
364	179.210480
365	178.013962
366	176.920334
367	175.913422
368	174.981186
369	174.113617
370	173.302795
371	172.542007
372	171.825806
373	171.149033
374	170.507614
375	169.898438
376	169.318115
377	168.764496
378	168.235214
379	167.728104
380	167.241547
381	166.774139
382	166.324234
383	165.890717
384	165.472687
385	305.140533
386	258.044769
387	241.543991
388	232.581238
389	226.505203
390	221.947113
391	218.317139
392	215.309631
393	212.751617
394	210.531067
395	208.571518
396	206.821609
397	205.242661
398	203.806061
399	202.487717
400	201.275497
401	200.150177
402	199.100616
403	198.119415
404	197.198730
405	196.330414
406	195.509506
407	194.731506
408	193.993546
409	193.290344
410	192.619461
411	191.978210
412	191.366089
413	190.778229
414	190.214462
415	189.672211
416	189.150162
417	267.324280
418	179.610764
419	155.709625
420	143.723633
421	136.082748
422	130.599472
423	126.441437
424	123.141327
425	120.396820
426	118.081772
427	116.089622
428	114.338005
429	112.783669
430	111.393860
431	110.138817
432	108.994530
433	107.947868
434	106.991379
435	106.117271
436	105.305542
437	104.554504
438	103.858475
439	103.205292
440	102.590523
441	102.010452
442	101.460312
443	100.938271
444	100.443108
445	99.972649
446	99.524788
447	99.097069
448	98.687477
449	309.204987
450	254.845673
451	238.584930
452	229.964661
453	224.195450
454	219.942520
455	216.624023
456	213.903305
457	211.605804
458	209.639664
459	207.937103
460	206.422211
461	205.059540
462	203.823166
463	202.692764
464	201.652725
465	200.696243
466	199.813385
467	198.997437
468	198.236221
469	197.524536
470	196.853043
471	196.217682
472	195.614990
473	195.041779
474	194.496384
475	193.979187
476	193.484283
477	193.010010
478	192.555038
479	192.117920
480	191.697266
481	349.464844
482	296.592438
483	279.233795
484	269.960510
485	263.684296
486	259.029388
487	255.419983
488	252.451035
489	249.926941
490	247.771027
491	245.880280
492	244.212433
493	242.720032
494	241.371185
495	240.137741
496	239.005249
497	237.954605
498	236.975693
499	236.063538
500	235.209045
501	234.405273
502	233.649857
503	232.939743
504	232.276093
505	231.644730
506	231.042374
507	230.466461
508	229.917664
509	229.394989
510	228.894287
511	228.414566
512	227.953705
513	242.091644
514	212.825577
515	203.241470
516	198.207062
517	194.879623
518	192.457520
519	190.560059
520	189.034821
521	187.779694
522	186.691467
523	185.732712
524	184.885742
525	184.121628
526	183.425629
527	182.792755
528	182.212830
529	181.677094
530	181.182953
531	180.726074
532	180.307236
533	179.914948
534	179.545883
535	179.196884
536	178.865463
537	178.552551
538	178.253830
539	177.967987
540	177.694168
541	177.431290
542	177.178680
543	176.935547
544	176.701294
545	199.243835
546	166.069183
547	156.299728
548	151.420074
549	148.320709
550	146.115112
551	144.388443
552	142.983643
553	141.819351
554	140.829727
555	139.979004
556	139.230804
557	138.564224
558	137.959702
559	137.410339
560	136.904648
561	136.444534
562	136.020309
563	135.624008
564	135.252197
565	134.902252
566	134.576004
567	134.272232
568	133.983871
569	133.709427
570	133.447815
571	133.197723
572	132.958389
573	132.731537
574	132.518295
575	132.314667
576	132.118622
577	207.440918
578	163.720993
579	150.240463
580	143.302475
581	138.806503
582	135.493195
583	132.908508
584	130.799850
585	129.043045
586	127.537018
587	126.233017
588	125.077072
589	124.044884
590	123.109276
591	122.254631
592	121.468971
593	120.742897
594	120.069435
595	119.440887
596	118.852058
597	118.301445
598	117.784256
599	117.296135
600	116.833412
601	116.393738
602	115.975136
603	115.577583
604	115.200722
605	114.839951
606	114.494240
607	114.164627
608	113.847595
609	146.050858
610	116.877716
611	107.630196
612	102.798737
613	99.666039
614	97.356590
615	95.554794
616	94.087051
617	92.845589
618	91.775719
619	90.838379
620	90.005058
621	89.255661
622	88.583000
623	87.975143
624	87.424034
625	86.916679
626	86.444923
627	86.004295
628	85.592010
629	85.205162
630	84.840187
631	84.495285
632	84.171577
633	83.863838
634	83.570671
635	83.290749
636	83.023026
637	82.766556
638	82.520462
639	82.283936
640	82.056732
641	97.340355
642	81.209297
643	75.857155
644	73.037209
645	71.156410
646	69.759743
647	68.657166
648	67.749947
649	66.979752
650	66.313637
651	65.732048
652	65.215179
653	64.752014
654	64.331154
655	63.945374
656	63.589546
657	63.259560
658	62.952068
659	62.664322
660	62.395420
661	62.142300
662	61.903931
663	61.678322
664	61.464676
665	61.261524
666	61.067841
667	60.882862
668	60.705906
669	60.536213
670	60.373142
671	60.216248
672	60.065208
673	77.946487
674	67.998787
675	64.553917
676	62.729191
677	61.506645
678	60.588882
679	59.856781
680	59.253990
681	58.745453
682	58.303112
683	57.912254
684	57.562504
685	57.247066
686	56.959972
687	56.696392
688	56.453243
689	56.228027
690	56.017799
691	55.820820
692	55.635773
693	55.461704
694	55.297546
695	55.141800
696	54.993919
697	54.853115
698	54.718586
699	54.589848
700	54.466965
701	54.349224
702	54.236034
703	54.126980
704	54.021832
705	76.108765
706	68.392174
707	65.622261
708	64.143181
709	63.146797
710	62.394447
711	61.794147
712	61.299740
713	60.880474
714	60.514923
715	60.191540
716	59.902676
717	59.642101
718	59.404968
719	59.186867
720	58.985130
721	58.797455
722	58.622143
723	58.457645
724	58.302792
725	58.156532
726	58.018032
727	57.886414
728	57.761215
729	57.641712
730	57.527527
731	57.418148
732	57.313465
733	57.212864
734	57.116074
735	57.023598
736	56.934586
737	73.445023
738	67.499840
739	65.390289
740	64.252296
741	63.484428
742	62.909714
743	62.451927
744	62.071522
745	61.746849
746	61.464722
747	61.214920
748	60.990917
749	60.788017
750	60.602760
751	60.432693
752	60.277401
753	60.136181
754	60.005299
755	59.882401
756	59.766655
757	59.657269
758	59.553589
759	59.455044
760	59.361286
761	59.271687
762	59.186039
763	59.104015
764	59.025330
765	58.949760
766	58.876968
767	58.807362
768	58.740341
769	67.663338
770	63.738777
771	62.300255
772	61.524097
773	60.998932
774	60.605286
775	60.291382
776	60.031052
777	59.808720
778	59.614704
779	59.442680
780	59.288269
781	59.148235
782	59.020180
783	58.902565
784	58.793686
785	58.692230
786	58.597286
787	58.508202
788	58.424450
789	58.345322
790	58.270706
791	58.200111
792	58.132999
793	58.068893
794	58.007492
795	57.948658
796	57.892120
797	57.837757
798	57.785381
799	57.734917
800	57.686119
801	63.487358
802	60.234066
803	59.069473
804	58.454727
805	58.041721
806	57.731789
807	57.484268
808	57.278587
809	57.102970
810	56.949650
811	56.813728
812	56.692253
813	56.582100
814	56.481289
815	56.388393
816	56.302307
817	56.222057
818	56.146954
819	56.076378
820	56.009789
821	55.946739
822	55.887062
823	55.830601
824	55.776772
825	55.725288
826	55.676041
827	55.628731
828	55.583328
829	55.539650
830	55.497555
831	55.456978
832	55.417740
833	58.971561
834	56.000393
835	54.924297
836	54.351871
837	53.966995
838	53.679493
839	53.451637
840	53.262878
841	53.102116
842	52.961914
843	52.838009
844	52.727089
845	52.626545
846	52.534592
847	52.449909
848	52.371464
849	52.298355
850	52.230247
851	52.166344
852	52.106037
853	52.049049
854	51.994949
855	51.943504
856	51.894478
857	51.847912
858	51.803276
859	51.760513
860	51.719440
861	51.679970
862	51.641903
863	51.605194
864	51.569729
865	52.986931
866	50.224777
867	49.234337
868	48.712605
869	48.365616
870	48.108257
871	47.903973
872	47.734749
873	47.590431
874	47.464783
875	47.353554
876	47.253838
877	47.163536
878	47.081070
879	47.005310
880	46.935154
881	46.869900
882	46.809402
883	46.752602
884	46.699059
885	46.648434
886	46.600445
887	46.554813
888	46.511333
889	46.469887
890	46.430622
891	46.393143
892	46.357342
893	46.322880
894	46.289680
895	46.257725
896	46.226871
897	46.269329
898	43.755810
899	42.865509
900	42.400665
901	42.090923
902	41.861412
903	41.679623
904	41.529526
905	41.402008
906	41.291321
907	41.193367
908	41.106339
909	41.027794
910	40.956299
911	40.890507
912	40.829597
913	40.772995
914	40.720131
915	40.670715
916	40.624493
917	40.580784
918	40.539383
919	40.500439
920	40.463417
921	40.428082
922	40.394241
923	40.361832
924	40.330688
925	40.300743
926	40.271915
927	40.244102
928	40.217262
929	39.576054
930	37.167606
931	36.348446
932	35.920757
933	35.634575
934	35.422791
935	35.256641
936	35.119755
937	35.003067
938	34.901421
939	34.811474
940	34.730865
941	34.657856
942	34.591938
943	34.531555
944	34.475628
945	34.423580
946	34.374908
947	34.329216
948	34.286144
949	34.245453
950	34.206825
951	34.170162
952	34.135185
953	34.102028
954	34.070427
955	34.040188
956	34.011150
957	33.983223
958	33.956329
959	33.930428
960	33.905548
961	33.519146
962	31.358309
963	30.601727
964	30.201942
965	29.938635
966	29.743008
967	29.587852
968	29.459305
969	29.349688
970	29.254211
971	29.169771
972	29.094044
973	29.025499
974	28.963177
975	28.905905
976	28.852879
977	28.803551
978	28.757427
979	28.714127
980	28.673338
981	28.634809
982	28.598251
983	28.563534
984	28.530430
985	28.498859
986	28.468693
987	28.439894
988	28.412256
989	28.385685
990	28.360094
991	28.335426
992	28.311619
993	28.964693
994	27.039450
995	26.371214
996	26.014357
997	25.775864
998	25.597958
999	25.455799
1000	25.337940
1001	25.237537
1002	25.150158
1003	25.073025
1004	25.003803
1005	24.941097
1006	24.883778
1007	24.830986
1008	24.782104
1009	24.736610
1010	24.694048
1011	24.654079
1012	24.616413
1013	24.581020
1014	24.547642
1015	24.515936
1016	24.485783
1017	24.457024
1018	24.429577
1019	24.403370
1020	24.378223
1021	24.354038
1022	24.330744
1023	24.308306
1024	24.286621
1025	26.753088
1026	24.795271
1027	24.087847
1028	23.706446
1029	23.449665
1030	23.256744
1031	23.102402
1032	22.973984
1033	22.864189
1034	22.768375
1035	22.683456
1036	22.607594
1037	22.539400
1038	22.477058
1039	22.419647
1040	22.366489
1041	22.317005
1042	22.270695
1043	22.227238
1044	22.186291
1045	22.147665
1046	22.111132
1047	22.076412
1048	22.043318
1049	22.011723
1050	21.981499
1051	21.952543
1052	21.924728
1053	21.898014
1054	21.872280
1055	21.847460
1056	21.823511
1057	25.441174
1058	23.601330
1059	22.918159
1060	22.546177
1061	22.293409
1062	22.102604
1063	21.950239
1064	21.824293
1065	21.717018
1066	21.623365
1067	21.540310
1068	21.465940
1069	21.398499
1070	21.336830
1071	21.280033
1072	21.227442
1073	21.178432
1074	21.132607
1075	21.089554
1076	21.048981
1077	21.010607
1078	20.974245
1079	20.939707
1080	20.906857
1081	20.875484
1082	20.845490
1083	20.816719
1084	20.789103
1085	20.762533
1086	20.736990
1087	20.712339
1088	20.688547
1089	23.958874
1090	22.360437
1091	21.773125
1092	21.456110
1093	21.240246
1094	21.077196
1095	20.946552
1096	20.837700
1097	20.744555
1098	20.663185
1099	20.591019
1100	20.526459
1101	20.467987
1102	20.414497
1103	20.365227
1104	20.319578
1105	20.277060
1106	20.237278
1107	20.199900
1108	20.164661
1109	20.131348
1110	20.099747
1111	20.069702
1112	20.041080
1113	20.013718
1114	19.987556
1115	19.962479
1116	19.938393
1117	19.915222
1118	19.892916
1119	19.871397
1120	19.850639
1121	23.017916
1122	21.636967
1123	21.136654
1124	20.866947
1125	20.685364
1126	20.549932
1127	20.443546
1128	20.355457
1129	20.280441
1130	20.215231
1131	20.157469
1132	20.105652
1133	20.058655
1134	20.015905
1135	19.976526
1136	19.940140
1137	19.906300
1138	19.874651
1139	19.844923
1140	19.816902
1141	19.790497
1142	19.765444
1143	19.741638
1144	19.718941
1145	19.697285
1146	19.676640
1147	19.656824
1148	19.637783
1149	19.619514
1150	19.601896
1151	19.584904
1152	19.568508
1153	23.448345
1154	22.197620
1155	21.755394
1156	21.523659
1157	21.369329
1158	21.254799
1159	21.163876
1160	21.088636
1161	21.024578
1162	20.969357
1163	20.921007
1164	20.878397
1165	20.839863
1166	20.804892
1167	20.772682
1168	20.742903
1169	20.715157
1170	20.689362
1171	20.665169
1172	20.642372
1173	20.620844
1174	20.600498
1175	20.581207
1176	20.562832
1177	20.545305
1178	20.528502
1179	20.512403
1180	20.496979
1181	20.482130
1182	20.467834
1183	20.454067
1184	20.440786
1185	24.939987
1186	23.691309
1187	23.251005
1188	23.021763
1189	22.869780
1190	22.757168
1191	22.667864
1192	22.594017
1193	22.531229
1194	22.476709
1195	22.428509
1196	22.385323
1197	22.346228
1198	22.310507
1199	22.277691
1200	22.247324
1201	22.219135
1202	22.192797
1203	22.168062
1204	22.144848
1205	22.123016
1206	22.102335
1207	22.082668
1208	22.063931
1209	22.046040
1210	22.028906
1211	22.012501
1212	21.996746
1213	21.981598
1214	21.967010
1215	21.952938
1216	21.939346
1217	26.090237
1218	24.777523
1219	24.316595
1220	24.077978
1221	23.919907
1222	23.802649
1223	23.709812
1224	23.633139
1225	23.568018
1226	23.511551
1227	23.461748
1228	23.417162
1229	23.376860
1230	23.340012
1231	23.306175
1232	23.274834
1233	23.245653
1234	23.218449
1235	23.192898
1236	23.168821
1237	23.146063
1238	23.124496
1239	23.103983
1240	23.084446
1241	23.065796
1242	23.047958
1243	23.030849
1244	23.014435
1245	22.998627
1246	22.983438
1247	22.968796
1248	22.954628
1249	25.565123
1250	24.356438
1251	23.923399
1252	23.698313
1253	23.548843
1254	23.437700
1255	23.349504
1256	23.276566
1257	23.214451
1258	23.160414
1259	23.112619
1260	23.069798
1261	23.031038
1262	22.995657
1263	22.963091
1264	22.932949
1265	22.904877
1266	22.878641
1267	22.853994
1268	22.830757
1269	22.808796
1270	22.787975
1271	22.768177
1272	22.749302
1273	22.731279
1274	22.714037
1275	22.697529
1276	22.681639
1277	22.666363
1278	22.651638
1279	22.637472
1280	22.623787
1281	23.487535
1282	22.385876
1283	21.992113
1284	21.786383
1285	21.649384
1286	21.547367
1287	21.466408
1288	21.399401
1289	21.342302
1290	21.292566
1291	21.248590
1292	21.209150
1293	21.173422
1294	21.140778
1295	21.110727
1296	21.082909
1297	21.056988
1298	21.032734
1299	21.009987
1300	20.988512
1301	20.968237
1302	20.948977
1303	20.930679
1304	20.913231
1305	20.896563
1306	20.880608
1307	20.865322
1308	20.850639
1309	20.836521
1310	20.822918
1311	20.809784
1312	20.797127
1313	19.972664
1314	18.978331
1315	18.628262
1316	18.446814
1317	18.325987
1318	18.235996
1319	18.164658
1320	18.105646
1321	18.055408
1322	18.011700
1323	17.973003
1324	17.938332
1325	17.906891
1326	17.878176
1327	17.851757
1328	17.827269
1329	17.804523
1330	17.783232
1331	17.763239
1332	17.744408
1333	17.726587
1334	17.709698
1335	17.693609
1336	17.678293
1337	17.663670
1338	17.649670
1339	17.636244
1340	17.623356
1341	17.610950
1342	17.598995
1343	17.587477
1344	17.576338
1345	15.323268
1346	14.532429
1347	14.253052
1348	14.107908
1349	14.011266
1350	13.939197
1351	13.881973
1352	13.834602
1353	13.794172
1354	13.759023
1355	13.727899
1356	13.699980
1357	13.674679
1358	13.651553
1359	13.630239
1360	13.610502
1361	13.592131
1362	13.574944
1363	13.558784
1364	13.543564
1365	13.529144
1366	13.515480
1367	13.502475
1368	13.490088
1369	13.478262
1370	13.466932
1371	13.456066
1372	13.445642
1373	13.435606
1374	13.425965
1375	13.416679
1376	13.407766
1377	10.432960
1378	9.871992
1379	9.665453
1380	9.555056
1381	9.480703
1382	9.424928
1383	9.380414
1384	9.343493
1385	9.312118
1386	9.284786
1387	9.260567
1388	9.238825
1389	9.219119
1390	9.201134
1391	9.184575
1392	9.169222
1393	9.154929
1394	9.141558
1395	9.129007
1396	9.117189
1397	9.106003
1398	9.095393
1399	9.085302
1400	9.075686
1401	9.066500
1402	9.057709
1403	9.049286
1404	9.041178
1405	9.033400
1406	9.025898
1407	9.018696
1408	9.011735
1409	7.109245
1410	6.638688
1411	6.470711
1412	6.380617
1413	6.319952
1414	6.274277
1415	6.237820
1416	6.207551
1417	6.181753
1418	6.159247
1419	6.139290
1420	6.121376
1421	6.105136
1422	6.090285
1423	6.076604
1424	6.063933
1425	6.052143
1426	6.041111
1427	6.030740
1428	6.020964
1429	6.011724
1430	6.002966
1431	5.994632
1432	5.986697
1433	5.979118
1434	5.971868
1435	5.964904
1436	5.958234
1437	5.951826
1438	5.945650
1439	5.939697
1440	5.933942
1441	8.436256
1442	7.870658
1443	7.668093
1444	7.562336
1445	7.491160
1446	7.437772
1447	7.395294
1448	7.360201
1449	7.330247
1450	7.304152
1451	7.281143
1452	7.260534
1453	7.241875
1454	7.224831
1455	7.209150
1456	7.194635
1457	7.181135
1458	7.168508
1459	7.156657
1460	7.145483
1461	7.134937
1462	7.124979
1463	7.115559
1464	7.106598
1465	7.098047
1466	7.089902
1467	7.082137
1468	7.074690
1469	7.067533
1470	7.060668
1471	7.054057
1472	7.047680
1473	10.789327
1474	10.173218
1475	9.955399
1476	9.840714
1477	9.764172
1478	9.707226
1479	9.662210
1480	9.625106
1481	9.593517
1482	9.566034
1483	9.541804
1484	9.520116
1485	9.500475
1486	9.482523
1487	9.466009
1488	9.450729
1489	9.436533
1490	9.423283
1491	9.410845
1492	9.399122
1493	9.388044
1494	9.377541
1495	9.367553
1496	9.358049
1497	9.348967
1498	9.340263
1499	9.331944
1500	9.323956
1501	9.316271
1502	9.308893
1503	9.301783
1504	9.294922
1505	12.873693
1506	12.215833
1507	11.981972
1508	11.860117
1509	11.779726
1510	11.720125
1511	11.672974
1512	11.633942
1513	11.600796
1514	11.572189
1515	11.546888
1516	11.524204
1517	11.503670
1518	11.484907
1519	11.467658
1520	11.451675
1521	11.436781
1522	11.422871
1523	11.409798
1524	11.397493
1525	11.385853
1526	11.374807
1527	11.364308
1528	11.354313
1529	11.344763
1530	11.335621
1531	11.326857
1532	11.318441
1533	11.310356
1534	11.302566
1535	11.295057
1536	11.287807
1537	14.392714
1538	13.713156
1539	13.472158
1540	13.347378
1541	13.265278
1542	13.204439
1543	13.156229
1544	13.116413
1545	13.082613
1546	13.053215
1547	13.027205
1548	13.003969
1549	12.982981
1550	12.963806
1551	12.946169
1552	12.929884
1553	12.914736
1554	12.900594
1555	12.887306
1556	12.874794
1557	12.862953
1558	12.851724
1559	12.841053
1560	12.830896
1561	12.821197
1562	12.811914
1563	12.803013
1564	12.794466
1565	12.786242
1566	12.778330
1567	12.770689
1568	12.763310
1569	14.924425
1570	14.252412
1571	14.015319
1572	13.891632
1573	13.809432
1574	13.748301
1575	13.699804
1576	13.659695
1577	13.625504
1578	13.595778
1579	13.569468
1580	13.545891
1581	13.524534
1582	13.505028
1583	13.487068
1584	13.470435
1585	13.454950
1586	13.440474
1587	13.426863
1588	13.414040
1589	13.401920
1590	13.390415
1591	13.379484
1592	13.369057
1593	13.359100
1594	13.349573
1595	13.340438
1596	13.331667
1597	13.323210
1598	13.315088
1599	13.307253
1600	13.299669
1601	14.402865
1602	13.778975
1603	13.556238
1604	13.439950
1605	13.362608
1606	13.304897
1607	13.258997
1608	13.220951
1609	13.188487
1610	13.160204
1611	13.135155
1612	13.112688
1613	13.092340
1614	13.073713
1615	13.056580
1616	13.040696
1617	13.025909
1618	13.012064
1619	12.999056
1620	12.986807
1621	12.975208
1622	12.964201
1623	12.953755
1624	12.943775
1625	12.934247
1626	12.925131
1627	12.916387
1628	12.907982
1629	12.899908
1630	12.892115
1631	12.884611
1632	12.877353
1633	12.897819
1634	12.340338
1635	12.142122
1636	12.037680
1637	11.967941
1638	11.915854
1639	11.874466
1640	11.840159
1641	11.810918
1642	11.785450
1643	11.762899
1644	11.742679
1645	11.724339
1646	11.707569
1647	11.692125
1648	11.677832
1649	11.664503
1650	11.652040
1651	11.640322
1652	11.629286
1653	11.618838
1654	11.608924
1655	11.599495
1656	11.590511
1657	11.581923
1658	11.573713
1659	11.565839
1660	11.558266
1661	11.550997
1662	11.543983
1663	11.537243
1664	11.530710
1665	10.508142
1666	10.060774
1667	9.899216
1668	9.814215
1669	9.757665
1670	9.715528
1671	9.682022
1672	9.654284
1673	9.630629
1674	9.610010
1675	9.591745
1676	9.575371
1677	9.560534
1678	9.546957
1679	9.534451
1680	9.522882
1681	9.512089
1682	9.501994
1683	9.492514
1684	9.483568
1685	9.475121
1686	9.467085
1687	9.459461
1688	9.452194
1689	9.445242
1690	9.438587
1691	9.432208
1692	9.426086
1693	9.420188
1694	9.414503
1695	9.409031
1696	9.403735
1697	7.723872
1698	7.384518
1699	7.263165
1700	7.199954
1701	7.158012
1702	7.126847
1703	7.102157
1704	7.081784
1705	7.064438
1706	7.049359
1707	7.036051
1708	7.024117
1709	7.013307
1710	7.003437
1711	6.994349
1712	6.985938
1713	6.978102
1714	6.970776
1715	6.963896
1716	6.957404
1717	6.951264
1718	6.945447
1719	6.939909
1720	6.934630
1721	6.929597
1722	6.924777
1723	6.920150
1724	6.915708
1725	6.911440
1726	6.907324
1727	6.903358
1728	6.899531
1729	4.917693
1730	4.680810
1731	4.596096
1732	4.551475
1733	4.521673
1734	4.499497
1735	4.481872
1736	4.467256
1737	4.454793
1738	4.443946
1739	4.434341
1740	4.425734
1741	4.417929
1742	4.410800
1743	4.404237
1744	4.398159
1745	4.392494
1746	4.387196
1747	4.382224
1748	4.377542
1749	4.373112
1750	4.368915
1751	4.364940
1752	4.361158
1753	4.357555
1754	4.354099
1755	4.350791
1756	4.347627
1757	4.344576
1758	4.341649
1759	4.338817
1760	4.336084
1761	3.547727
1762	3.315094
1763	3.233046
1764	3.188807
1765	3.158858
1766	3.136308
1767	3.118281
1768	3.103312
1769	3.090523
1770	3.079368
1771	3.069494
1772	3.060631
1773	3.052594
1774	3.045244
1775	3.038482
1776	3.032212
1777	3.026384
1778	3.020928
1779	3.015812
1780	3.010988
1781	3.006431
1782	3.002105
1783	2.997995
1784	2.994080
1785	2.990355
1786	2.986779
1787	2.983356
1788	2.980067
1789	2.976914
1790	2.973872
1791	2.970940
1792	2.968112
1793	4.611794
1794	4.346105
1795	4.248288
1796	4.195204
1797	4.159188
1798	4.132056
1799	4.110350
1800	4.092416
1801	4.077130
1802	4.063787
1803	4.051964
1804	4.041339
1805	4.031744
1806	4.023012
1807	4.014973
1808	4.007545
1809	4.000638
1810	3.994176
1811	3.988106
1812	3.982390
1813	3.976977
1814	3.971849
1815	3.966969
1816	3.962330
1817	3.957910
1818	3.953672
1819	3.949613
1820	3.945716
1821	3.941976
1822	3.938369
1823	3.934901
1824	3.931547
1825	6.065553
1826	5.739915
1827	5.625147
1828	5.564776
1829	5.524684
1830	5.495039
1831	5.471642
1832	5.452359
1833	5.435959
1834	5.421726
1835	5.409137
1836	5.397872
1837	5.387674
1838	5.378365
1839	5.369806
1840	5.361904
1841	5.354540
1842	5.347654
1843	5.341186
1844	5.335093
1845	5.329339
1846	5.323877
1847	5.318676
1848	5.313735
1849	5.309008
1850	5.304486
1851	5.300154
1852	5.295986
1853	5.291983
1854	5.288143
1855	5.284433
1856	5.280852
1857	7.255057
1858	6.920372
1859	6.802623
1860	6.740982
1861	6.699895
1862	6.669268
1863	6.644934
1864	6.624813
1865	6.607668
1866	6.592752
1867	6.579539
1868	6.567699
1869	6.556968
1870	6.547170
1871	6.538151
1872	6.529794
1873	6.522019
1874	6.514740
1875	6.507906
1876	6.501463
1877	6.495380
1878	6.489623
1879	6.484150
1880	6.478921
1881	6.473930
1882	6.469159
1883	6.464584
1884	6.460190
1885	6.455970
1886	6.451902
1887	6.447977
1888	6.444188
1889	7.989343
1890	7.647797
1891	7.528183
1892	7.466708
1893	7.425893
1894	7.395548
1895	7.371512
1896	7.351619
1897	7.334677
1898	7.319938
1899	7.306886
1900	7.295183
1901	7.284586
1902	7.274909
1903	7.266012
1904	7.257766
1905	7.250092
1906	7.242913
1907	7.236173
1908	7.229818
1909	7.223808
1910	7.218099
1911	7.212680
1912	7.207506
1913	7.202579
1914	7.197855
1915	7.193330
1916	7.188973
1917	7.184789
1918	7.180761
1919	7.176873
1920	7.173119
1921	8.305027
1922	7.959471
1923	7.838583
1924	7.776281
1925	7.735301
1926	7.704849
1927	7.680730
1928	7.660806
1929	7.643827
1930	7.629052
1931	7.615980
1932	7.604270
1933	7.593668
1934	7.583977
1935	7.575049
1936	7.566791
1937	7.559096
1938	7.551898
1939	7.545141
1940	7.538768
1941	7.532745
1942	7.527030
1943	7.521595
1944	7.516423
1945	7.511478
1946	7.506752
1947	7.502222
1948	7.497863
1949	7.493677
1950	7.489644
1951	7.485755
1952	7.481999
1953	8.123241
1954	7.779551
1955	7.659126
1956	7.597371
1957	7.556724
1958	7.526608
1959	7.502793
1960	7.483130
1961	7.466404
1962	7.451858
1963	7.438996
1964	7.427476
1965	7.417048
1966	7.407517
1967	7.398750
1968	7.390636
1969	7.383086
1970	7.376029
1971	7.369398
1972	7.363158
1973	7.357254
1974	7.351658
1975	7.346343
1976	7.341265
1977	7.336428
1978	7.331785
1979	7.327343
1980	7.323071
1981	7.318961
1982	7.315008
1983	7.311185
1984	7.307503
1985	7.400300
1986	7.082819
1987	6.972182
1988	6.915373
1989	6.877878
1990	6.850117
1991	6.828169
1992	6.810050
1993	6.794673
1994	6.781307
1995	6.769491
1996	6.758909
1997	6.749322
1998	6.740578
1999	6.732526
2000	6.725075
2001	6.718148
2002	6.711648
2003	6.705556
2004	6.699820
2005	6.694392
2006	6.689243
2007	6.684352
2008	6.679691
2009	6.675239
2010	6.670970
2011	6.666887
2012	6.662961
2013	6.659188
2014	6.655559
2015	6.652050
2016	6.648669
2017	6.181671
2018	5.913811
2019	5.820862
2020	5.772893
2021	5.741206
2022	5.717730
2023	5.699152
2024	5.683826
2025	5.670803
2026	5.659475
2027	5.649465
2028	5.640501
2029	5.632388
2030	5.624992
2031	5.618186
2032	5.611896
2033	5.606030
2034	5.600553
2035	5.595413
2036	5.590570
2037	5.585986
2038	5.581639
2039	5.577502
2040	5.573565
2041	5.569809
2042	5.566208
2043	5.562754
2044	5.559442
2045	5.556251
2046	5.553185
2047	5.550227
2048	5.547371
2049	4.628719
2050	4.426795
2051	4.356430
2052	4.319901
2053	4.295716
2054	4.277778
2055	4.263579
2056	4.251885
2057	4.241966
2058	4.233362
2059	4.225750
2060	4.218925
2061	4.212749
2062	4.207114
2063	4.201918
2064	4.197108
2065	4.192638
2066	4.188451
2067	4.184519
2068	4.180819
2069	4.177314
2070	4.173994
2071	4.170835
2072	4.167826
2073	4.164951
2074	4.162197
2075	4.159559
2076	4.157023
2077	4.154586
2078	4.152235
2079	4.149973
2080	4.147786
2081	3.003012
2082	2.867737
2083	2.819449
2084	2.794001
2085	2.777117
2086	2.764533
2087	2.754589
2088	2.746344
2089	2.739316
2090	2.733186
2091	2.727755
2092	2.722886
2093	2.718472
2094	2.714441
2095	2.710719
2096	2.707279
2097	2.704068
2098	2.701067
2099	2.698252
2100	2.695589
2101	2.693077
2102	2.690683
2103	2.688416
2104	2.686258
2105	2.684195
2106	2.682221
2107	2.680327
2108	2.678509
2109	2.676758
2110	2.675068
2111	2.673446
2112	2.671874
2113	1.887737
2114	1.789288
2115	1.753682
2116	1.734493
2117	1.721514
2118	1.711748
2119	1.703981
2120	1.697533
2121	1.692031
2122	1.687243
2123	1.682998
2124	1.679195
2125	1.675742
2126	1.672586
2127	1.669677
2128	1.666980
2129	1.664474
2130	1.662127
2131	1.659918
2132	1.657844
2133	1.655883
2134	1.654019
2135	1.652247
2136	1.650560
2137	1.648960
2138	1.647426
2139	1.645957
2140	1.644545
2141	1.643188
2142	1.641877
2143	1.640615
2144	1.639392
2145	2.184757
2146	2.073100
2147	2.033861
2148	2.013116
2149	1.999136
2150	1.988633
2151	1.980266
2152	1.973337
2153	1.967429
2154	1.962275
2155	1.957707
2156	1.953607
2157	1.949898
2158	1.946497
2159	1.943369
2160	1.940466
2161	1.937764
2162	1.935239
2163	1.932868
2164	1.930636
2165	1.928523
2166	1.926516
2167	1.924609
2168	1.922790
2169	1.921054
2170	1.919397
2171	1.917809
2172	1.916278
2173	1.914807
2174	1.913390
2175	1.912025
2176	1.910711
2177	3.198282
2178	3.055915
2179	3.004950
2180	2.978153
2181	2.960231
2182	2.946839
2183	2.936176
2184	2.927342
2185	2.919795
2186	2.913227
2187	2.907439
2188	2.902261
2189	2.897569
2190	2.893282
2191	2.889330
2192	2.885684
2193	2.882297
2194	2.879125
2195	2.876140
2196	2.873329
2197	2.870672
2198	2.868152
2199	2.865748
2200	2.863463
2201	2.861277
2202	2.859180
2203	2.857175
2204	2.855250
2205	2.853407
2206	2.851637
2207	2.849925
2208	2.848272
2209	4.144502
2210	3.971896
2211	3.910352
2212	3.878341
2213	3.857009
2214	3.841148
2215	3.828549
2216	3.818109
2217	3.809209
2218	3.801458
2219	3.794601
2220	3.788461
2221	3.782895
2222	3.777815
2223	3.773135
2224	3.768796
2225	3.764764
2226	3.760987
2227	3.757433
2228	3.754086
2229	3.750922
2230	3.747921
2231	3.745063
2232	3.742339
2233	3.739744
2234	3.737255
2235	3.734879
2236	3.732589
2237	3.730380
2238	3.728263
2239	3.726211
2240	3.724232
2241	4.882476
2242	4.686176
2243	4.616127
2244	4.579526
2245	4.555199
2246	4.537114
2247	4.522753
2248	4.510860
2249	4.500719
2250	4.491890
2251	4.484071
2252	4.477068
2253	4.470712
2254	4.464921
2255	4.459587
2256	4.454650
2257	4.450046
2258	4.445743
2259	4.441698
2260	4.437883
2261	4.434280
2262	4.430863
2263	4.427617
2264	4.424515
2265	4.421547
2266	4.418714
2267	4.415995
2268	4.413384
2269	4.410872
2270	4.408453
2271	4.406126
2272	4.403868
2273	5.193037
2274	4.978097
2275	4.903466
2276	4.864760
2277	4.839055
2278	4.819946
2279	4.804780
2280	4.792234
2281	4.781556
2282	4.772258
2283	4.764028
2284	4.756652
2285	4.749973
2286	4.743876
2287	4.738259
2288	4.733059
2289	4.728221
2290	4.723688
2291	4.719439
2292	4.715424
2293	4.711632
2294	4.708034
2295	4.704614
2296	4.701347
2297	4.698233
2298	4.695251
2299	4.692385
2300	4.689640
2301	4.686994
2302	4.684450
2303	4.682002
2304	4.679624
2305	5.090506
2306	4.879016
2307	4.806456
2308	4.768623
2309	4.743474
2310	4.724752
2311	4.709908
2312	4.697611
2313	4.687132
2314	4.678021
2315	4.669951
2316	4.662727
2317	4.656173
2318	4.650187
2319	4.644674
2320	4.639572
2321	4.634819
2322	4.630378
2323	4.626204
2324	4.622266
2325	4.618539
2326	4.615009
2327	4.611650
2328	4.608449
2329	4.605393
2330	4.602470
2331	4.599662
2332	4.596966
2333	4.594377
2334	4.591873
2335	4.589464
2336	4.587137
2337	4.592018
2338	4.403214
2339	4.336583
2340	4.302056
2341	4.279173
2342	4.262180
2343	4.248713
2344	4.237581
2345	4.228107
2346	4.219874
2347	4.212597
2348	4.206074
2349	4.200174
2350	4.194787
2351	4.189825
2352	4.185236
2353	4.180958
2354	4.176962
2355	4.173195
2356	4.169661
2357	4.166306
2358	4.163129
2359	4.160108
2360	4.157232
2361	4.154480
2362	4.151845
2363	4.149317
2364	4.146894
2365	4.144565
2366	4.142315
2367	4.140149
2368	4.138056
2369	3.791381
2370	3.636125
2371	3.581257
2372	3.552892
2373	3.534120
2374	3.520201
2375	3.509187
2376	3.500094
2377	3.492350
2378	3.485625
2379	3.479677
2380	3.474346
2381	3.469517
2382	3.465111
2383	3.461059
2384	3.457306
2385	3.453814
2386	3.450545
2387	3.447472
2388	3.444581
2389	3.441844
2390	3.439252
2391	3.436787
2392	3.434433
2393	3.432194
2394	3.430042
2395	3.427987
2396	3.426012
2397	3.424105
2398	3.422271
2399	3.420506
2400	3.418802
2401	2.797170
2402	2.686418
2403	2.647196
2404	2.626802
2405	2.613277
2406	2.603212
2407	2.595232
2408	2.588630
2409	2.583003
2410	2.578108
2411	2.573778
2412	2.569894
2413	2.566380
2414	2.563169
2415	2.560205
2416	2.557467
2417	2.554916
2418	2.552530
2419	2.550290
2420	2.548176
2421	2.546175
2422	2.544278
2423	2.542480
2424	2.540764
2425	2.539124
2426	2.537551
2427	2.536043
2428	2.534598
2429	2.533213
2430	2.531863
2431	2.530575
2432	2.529324
2433	1.771036
2434	1.700920
2435	1.675832
2436	1.662786
2437	1.654099
2438	1.647632
2439	1.642496
2440	1.638242
2441	1.634622
2442	1.631466
2443	1.628671
2444	1.626172
2445	1.623905
2446	1.621833
2447	1.619926
2448	1.618158
2449	1.616509
2450	1.614968
2451	1.613520
2452	1.612155
2453	1.610866
2454	1.609639
2455	1.608477
2456	1.607368
2457	1.606312
2458	1.605299
2459	1.604323
2460	1.603389
2461	1.602490
2462	1.601624
2463	1.600789
2464	1.599983
2465	1.182895
2466	1.131927
2467	1.113214
2468	1.103139
2469	1.096294
2470	1.091130
2471	1.086988
2472	1.083540
2473	1.080586
2474	1.078004
2475	1.075715
2476	1.073653
2477	1.071785
2478	1.070085
2479	1.068516
2480	1.067065
2481	1.065719
2482	1.064456
2483	1.063265
2484	1.062145
2485	1.061089
2486	1.060083
2487	1.059127
2488	1.058213
2489	1.057336
2490	1.056500
2491	1.055697
2492	1.054925
2493	1.054183
2494	1.053470
2495	1.052782
2496	1.052115
2497	1.398420
2498	1.334751
2499	1.311303
2500	1.298674
2501	1.290135
2502	1.283707
2503	1.278573
2504	1.274300
2505	1.270644
2506	1.267461
2507	1.264632
2508	1.262097
2509	1.259805
2510	1.257708
2511	1.255773
2512	1.253977
2513	1.252306
2514	1.250741
2515	1.249269
2516	1.247888
2517	1.246577
2518	1.245337
2519	1.244156
2520	1.243034
2521	1.241960
2522	1.240925
2523	1.239943
2524	1.238994
2525	1.238085
2526	1.237208
2527	1.236359
2528	1.235537
2529	2.017527
2530	1.933282
2531	1.902896
2532	1.886713
2533	1.875847
2534	1.867711
2535	1.861226
2536	1.855834
2537	1.851228
2538	1.847220
2539	1.843666
2540	1.840476
2541	1.837580
2542	1.834935
2543	1.832496
2544	1.830237
2545	1.828134
2546	1.826161
2547	1.824315
2548	1.822572
2549	1.820921
2550	1.819353
2551	1.817860
2552	1.816437
2553	1.815084
2554	1.813788
2555	1.812541
2556	1.811342
2557	1.810191
2558	1.809080
2559	1.808011
2560	1.806980
2561	2.624218
2562	2.513685
2563	2.475507
2564	2.455397
2565	2.441951
2566	2.431906
2567	2.423908
2568	2.417281
2569	2.411633
2570	2.406709
2571	2.402357
2572	2.398454
2573	2.394918
2574	2.391688
2575	2.388707
2576	2.385948
2577	2.383384
2578	2.380975
2579	2.378716
2580	2.376589
2581	2.374572
2582	2.372668
2583	2.370849
2584	2.369120
2585	2.367470
2586	2.365887
2587	2.364370
2588	2.362911
2589	2.361509
2590	2.360160
2591	2.358861
2592	2.357600
2593	3.033281
2594	2.908077
2595	2.864417
2596	2.841736
2597	2.826680
2598	2.815500
2599	2.806632
2600	2.799297
2601	2.793056
2602	2.787625
2603	2.782822
2604	2.778520
2605	2.774622
2606	2.771064
2607	2.767787
2608	2.764750
2609	2.761932
2610	2.759287
2611	2.756808
2612	2.754463
2613	2.752255
2614	2.750163
2615	2.748171
2616	2.746277
2617	2.744465
2618	2.742730
2619	2.741070
2620	2.739467
2621	2.737931
2622	2.736455
2623	2.735029
2624	2.733646
2625	3.221799
2626	3.088608
2627	3.041862
2628	3.018001
2629	3.002243
2630	2.990575
2631	2.981375
2632	2.973786
2633	2.967322
2634	2.961705
2635	2.956734
2636	2.952285
2637	2.948257
2638	2.944578
2639	2.941194
2640	2.938057
2641	2.935138
2642	2.932410
2643	2.929845
2644	2.927434
2645	2.925151
2646	2.922986
2647	2.920924
2648	2.918957
2649	2.917086
2650	2.915288
2651	2.913577
2652	2.911928
2653	2.910338
2654	2.908807
2655	2.907330
2656	2.905904
2657	3.162683
2658	3.031182
2659	2.985729
2660	2.962517
2661	2.947280
2662	2.936012
2663	2.927114
2664	2.919766
2665	2.913512
2666	2.908072
2667	2.903264
2668	2.898957
2669	2.895057
2670	2.891487
2671	2.888205
2672	2.885174
2673	2.882347
2674	2.879701
2675	2.877223
2676	2.874883
2677	2.872670
2678	2.870573
2679	2.868573
2680	2.866668
2681	2.864845
2682	2.863103
2683	2.861434
2684	2.859831
2685	2.858295
2686	2.856806
2687	2.855374
2688	2.853989
2689	2.894210
2690	2.774001
2691	2.732243
2692	2.710933
2693	2.696913
2694	2.686544
2695	2.678350
2696	2.671589
2697	2.665848
2698	2.660855
2699	2.656448
2700	2.652502
2701	2.648933
2702	2.645666
2703	2.642671
2704	2.639892
2705	2.637305
2706	2.634891
2707	2.632622
2708	2.630489
2709	2.628467
2710	2.626554
2711	2.624733
2712	2.623001
2713	2.621345
2714	2.619761
2715	2.618241
2716	2.616787
2717	2.615383
2718	2.614031
2719	2.612729
2720	2.611469
2721	2.450698
2722	2.350261
2723	2.315247
2724	2.297242
2725	2.285362
2726	2.276556
2727	2.269588
2728	2.263838
2729	2.258945
2730	2.254694
2731	2.250933
2732	2.247566
2733	2.244519
2734	2.241736
2735	2.239176
2736	2.236807
2737	2.234597
2738	2.232532
2739	2.230591
2740	2.228765
2741	2.227034
2742	2.225400
2743	2.223846
2744	2.222361
2745	2.220946
2746	2.219590
2747	2.218290
2748	2.217044
2749	2.215850
2750	2.214699
2751	2.213584
2752	2.212512
2753	1.882577
2754	1.805506
2755	1.778413
2756	1.764412
2757	1.755156
2758	1.748295
2759	1.742867
2760	1.738385
2761	1.734571
2762	1.731258
2763	1.728324
2764	1.725699
2765	1.723317
2766	1.721145
2767	1.719147
2768	1.717300
2769	1.715581
2770	1.713969
2771	1.712457
2772	1.711036
2773	1.709689
2774	1.708413
2775	1.707196
2776	1.706039
2777	1.704932
2778	1.703875
2779	1.702860
2780	1.701883
2781	1.700946
2782	1.700049
2783	1.699177
2784	1.698336
2785	1.264404
2786	1.212301
2787	1.193767
2788	1.184141
2789	1.177778
2790	1.173051
2791	1.169297
2792	1.166189
2793	1.163544
2794	1.161245
2795	1.159205
2796	1.157382
2797	1.155724
2798	1.154214
2799	1.152827
2800	1.151537
2801	1.150338
2802	1.149211
2803	1.148160
2804	1.147176
2805	1.146238
2806	1.145352
2807	1.144505
2808	1.143701
2809	1.142940
2810	1.142204
2811	1.141500
2812	1.140826
2813	1.140172
2814	1.139541
2815	1.138933
2816	1.138352
2817	0.826836
2818	0.789964
2819	0.776577
2820	0.769506
2821	0.764753
2822	0.761186
2823	0.758335
2824	0.755971
2825	0.753959
2826	0.752192
2827	0.750634
2828	0.749235
2829	0.747964
2830	0.746805
2831	0.745738
2832	0.744754
2833	0.743827
2834	0.742962
2835	0.742149
2836	0.741383
2837	0.740655
2838	0.739969
2839	0.739316
2840	0.738690
2841	0.738095
2842	0.737521
2843	0.736974
2844	0.736447
2845	0.735944
2846	0.735453
2847	0.734979
2848	0.734527
2849	0.829608
2850	0.793485
2851	0.780484
2852	0.773569
2853	0.768922
2854	0.765437
2855	0.762660
2856	0.760353
2857	0.758382
2858	0.756665
2859	0.755139
2860	0.753774
2861	0.752537
2862	0.751408
2863	0.750368
2864	0.749402
2865	0.748501
2866	0.747652
2867	0.746859
2868	0.746115
2869	0.745413
2870	0.744748
2871	0.744113
2872	0.743507
2873	0.742932
2874	0.742379
2875	0.741848
2876	0.741338
2877	0.740851
2878	0.740385
2879	0.739932
2880	0.739492
2881	1.181414
2882	1.132683
2883	1.115330
2884	1.106273
2885	1.100262
2886	1.095785
2887	1.092227
2888	1.089283
2889	1.086770
2890	1.084585
2891	1.082641
2892	1.080907
2893	1.079332
2894	1.077896
2895	1.076572
2896	1.075345
2897	1.074202
2898	1.073128
2899	1.072127
2900	1.071175
2901	1.070288
2902	1.069439
2903	1.068634
2904	1.067870
2905	1.067133
2906	1.066430
2907	1.065759
2908	1.065110
2909	1.064487
2910	1.063886
2911	1.063305
2912	1.062747
2913	1.568511
2914	1.503722
2915	1.480766
2916	1.468959
2917	1.461160
2918	1.455388
2919	1.450815
2920	1.447038
2921	1.443823
2922	1.441027
2923	1.438557
2924	1.436340
2925	1.434338
2926	1.432509
2927	1.430820
2928	1.429261
2929	1.427811
2930	1.426449
2931	1.425173
2932	1.423975
2933	1.422835
2934	1.421754
2935	1.420726
2936	1.419747
2937	1.418814
2938	1.417920
2939	1.417070
2940	1.416241
2941	1.415446
2942	1.414678
2943	1.413941
2944	1.413229
2945	1.871541
2946	1.795272
2947	1.768685
2948	1.754907
2949	1.745792
2950	1.739034
2951	1.733683
2952	1.729262
2953	1.725504
2954	1.722240
2955	1.719348
2956	1.716753
2957	1.714412
2958	1.712266
2959	1.710291
2960	1.708468
2961	1.706771
2962	1.705178
2963	1.703684
2964	1.702276
2965	1.700947
2966	1.699686
2967	1.698487
2968	1.697341
2969	1.696247
2970	1.695201
2971	1.694198
2972	1.693237
2973	1.692310
2974	1.691415
2975	1.690553
2976	1.689720
2977	2.009057
2978	1.927664
2979	1.899503
2980	1.885054
2981	1.875471
2982	1.868344
2983	1.862685
2984	1.858007
2985	1.854021
2986	1.850554
2987	1.847481
2988	1.844730
2989	1.842236
2990	1.839957
2991	1.837863
2992	1.835919
2993	1.834113
2994	1.832421
2995	1.830832
2996	1.829341
2997	1.827928
2998	1.826586
2999	1.825310
3000	1.824086
3001	1.822921
3002	1.821809
3003	1.820736
3004	1.819710
3005	1.818721
3006	1.817764
3007	1.816852
3008	1.815958
3009	2.000690
3010	1.917450
3011	1.889255
3012	1.874735
3013	1.865130
3014	1.857994
3015	1.852343
3016	1.847671
3017	1.843693
3018	1.840233
3019	1.837175
3020	1.834438
3021	1.831954
3022	1.829686
3023	1.827599
3024	1.825668
3025	1.823874
3026	1.822184
3027	1.820606
3028	1.819115
3029	1.817710
3030	1.816378
3031	1.815109
3032	1.813906
3033	1.812754
3034	1.811645
3035	1.810588
3036	1.809572
3037	1.808590
3038	1.807645
3039	1.806737
3040	1.805856
3041	1.849955
3042	1.772870
3043	1.746693
3044	1.733138
3045	1.724197
3046	1.717571
3047	1.712320
3048	1.707987
3049	1.704300
3050	1.701093
3051	1.698260
3052	1.695717
3053	1.693421
3054	1.691321
3055	1.689390
3056	1.687600
3057	1.685940
3058	1.684383
3059	1.682924
3060	1.681547
3061	1.680244
3062	1.679011
3063	1.677837
3064	1.676717
3065	1.675641
3066	1.674611
3067	1.673633
3068	1.672688
3069	1.671785
3070	1.670911
3071	1.670072
3072	1.669255
3073	1.579753
3074	1.514952
3075	1.492502
3076	1.480962
3077	1.473331
3078	1.467668
3079	1.463186
3080	1.459482
3081	1.456333
3082	1.453596
3083	1.451173
3084	1.449001
3085	1.447037
3086	1.445238
3087	1.443585
3088	1.442056
3089	1.440634
3090	1.439302
3091	1.438056
3092	1.436874
3093	1.435760
3094	1.434702
3095	1.433697
3096	1.432739
3097	1.431828
3098	1.430952
3099	1.430109
3100	1.429304
3101	1.428527
3102	1.427781
3103	1.427064
3104	1.426368
3105	1.219437
3106	1.170557
3107	1.153370
3108	1.144509
3109	1.138634
3110	1.134264
3111	1.130801
3112	1.127939
3113	1.125497
3114	1.123377
3115	1.121504
3116	1.119822
3117	1.118295
3118	1.116901
3119	1.115619
3120	1.114430
3121	1.113327
3122	1.112290
3123	1.111321
3124	1.110409
3125	1.109541
3126	1.108720
3127	1.107939
3128	1.107199
3129	1.106489
3130	1.105805
3131	1.105157
3132	1.104528
3133	1.103931
3134	1.103354
3135	1.102788
3136	1.102250
3137	0.828703
3138	0.795593
3139	0.783722
3140	0.777524
3141	0.773416
3142	0.770357
3143	0.767927
3144	0.765918
3145	0.764206
3146	0.762713
3147	0.761393
3148	0.760214
3149	0.759141
3150	0.758162
3151	0.757261
3152	0.756425
3153	0.755648
3154	0.754918
3155	0.754236
3156	0.753598
3157	0.752991
3158	0.752413
3159	0.751869
3160	0.751349
3161	0.750850
3162	0.750367
3163	0.749911
3164	0.749475
3165	0.749054
3166	0.748649
3167	0.748254
3168	0.747873
3169	0.520735
3170	0.498246
3171	0.490215
3172	0.485979
3173	0.483145
3174	0.481014
3175	0.479330
3176	0.477921
3177	0.476721
3178	0.475676
3179	0.474741
3180	0.473905
3181	0.473149
3182	0.472459
3183	0.471822
3184	0.471231
3185	0.470681
3186	0.470177
3187	0.469692
3188	0.469240
3189	0.468814
3190	0.468405
3191	0.468016
3192	0.467644
3193	0.467286
3194	0.466947
3195	0.466623
3196	0.466316
3197	0.466018
3198	0.465735
3199	0.465458
3200	0.465191
3201	0.497091
3202	0.475238
3203	0.467417
3204	0.463218
3205	0.460395
3206	0.458278
3207	0.456581
3208	0.455173
3209	0.453975
3210	0.452919
3211	0.451990
3212	0.451157
3213	0.450406
3214	0.449717
3215	0.449077
3216	0.448484
3217	0.447940
3218	0.447423
3219	0.446945
3220	0.446494
3221	0.446064
3222	0.445653
3223	0.445262
3224	0.444889
3225	0.444536
3226	0.444198
3227	0.443871
3228	0.443561
3229	0.443261
3230	0.442971
3231	0.442697
3232	0.442428
3233	0.721111
3234	0.691262
3235	0.680600
3236	0.675024
3237	0.671315
3238	0.668550
3239	0.666358
3240	0.664545
3241	0.663004
3242	0.661665
3243	0.660478
3244	0.659408
3245	0.658437
3246	0.657553
3247	0.656744
3248	0.655995
3249	0.655294
3250	0.654637
3251	0.654015
3252	0.653429
3253	0.652879
3254	0.652359
3255	0.651865
3256	0.651400
3257	0.650947
3258	0.650515
3259	0.650101
3260	0.649702
3261	0.649316
3262	0.648945
3263	0.648589
3264	0.648246
3265	0.974482
3266	0.935189
3267	0.921091
3268	0.913766
3269	0.908921
3270	0.905323
3271	0.902463
3272	0.900107
3273	0.898103
3274	0.896358
3275	0.894814
3276	0.893435
3277	0.892184
3278	0.891040
3279	0.889992
3280	0.889018
3281	0.888113
3282	0.887267
3283	0.886476
3284	0.885722
3285	0.885015
3286	0.884343
3287	0.883702
3288	0.883096
3289	0.882514
3290	0.881957
3291	0.881424
3292	0.880902
3293	0.880412
3294	0.879938
3295	0.879480
3296	0.879033
3297	1.154480
3298	1.107756
3299	1.091247
3300	1.082703
3301	1.077064
3302	1.072882
3303	1.069580
3304	1.066856
3305	1.064539
3306	1.062521
3307	1.060747
3308	1.059157
3309	1.057709
3310	1.056399
3311	1.055186
3312	1.054066
3313	1.053023
3314	1.052042
3315	1.051126
3316	1.050262
3317	1.049441
3318	1.048667
3319	1.047927
3320	1.047224
3321	1.046554
3322	1.045912
3323	1.045298
3324	1.044710
3325	1.044147
3326	1.043603
3327	1.043074
3328	1.042561
3329	1.249732
3330	1.198058
3331	1.180083
3332	1.170945
3333	1.164909
3334	1.160439
3335	1.156898
3336	1.153984
3337	1.151492
3338	1.149336
3339	1.147426
3340	1.145718
3341	1.144171
3342	1.142750
3343	1.141451
3344	1.140245
3345	1.139127
3346	1.138075
3347	1.137090
3348	1.136163
3349	1.135289
3350	1.134459
3351	1.133667
3352	1.132914
3353	1.132195
3354	1.131507
3355	1.130851
3356	1.130214
3357	1.129604
3358	1.129015
3359	1.128454
3360	1.127910
3361	1.253143
3362	1.200636
3363	1.182533
3364	1.173261
3365	1.167154
3366	1.162643
3367	1.159077
3368	1.156144
3369	1.153648
3370	1.151481
3371	1.149569
3372	1.147854
3373	1.146306
3374	1.144891
3375	1.143586
3376	1.142379
3377	1.141258
3378	1.140206
3379	1.139219
3380	1.138288
3381	1.137410
3382	1.136575
3383	1.135789
3384	1.135034
3385	1.134313
3386	1.133621
3387	1.132964
3388	1.132334
3389	1.131724
3390	1.131131
3391	1.130564
3392	1.130025
3393	1.170270
3394	1.122132
3395	1.105357
3396	1.096743
3397	1.091074
3398	1.086888
3399	1.083583
3400	1.080856
3401	1.078539
3402	1.076521
3403	1.074742
3404	1.073150
3405	1.071707
3406	1.070388
3407	1.069175
3408	1.068053
3409	1.067013
3410	1.066034
3411	1.065114
3412	1.064250
3413	1.063433
3414	1.062660
3415	1.061920
3416	1.061219
3417	1.060548
3418	1.059908
3419	1.059298
3420	1.058709
3421	1.058141
3422	1.057598
3423	1.057072
3424	1.056565
3425	1.016147
3426	0.974930
3427	0.960472
3428	0.953041
3429	0.948142
3430	0.944516
3431	0.941644
3432	0.939274
3433	0.937249
3434	0.935504
3435	0.933960
3436	0.932579
3437	0.931328
3438	0.930182
3439	0.929128
3440	0.928152
3441	0.927250
3442	0.926403
3443	0.925608
3444	0.924859
3445	0.924150
3446	0.923471
3447	0.922834
3448	0.922223
3449	0.921641
3450	0.921086
3451	0.920554
3452	0.920042
3453	0.919546
3454	0.919072
3455	0.918616
3456	0.918170
3457	0.797142
3458	0.765213
3459	0.754023
3460	0.748288
3461	0.744488
3462	0.741668
3463	0.739433
3464	0.737579
3465	0.736008
3466	0.734635
3467	0.733418
3468	0.732337
3469	0.731348
3470	0.730450
3471	0.729622
3472	0.728855
3473	0.728139
3474	0.727467
3475	0.726842
3476	0.726259
3477	0.725701
3478	0.725167
3479	0.724661
3480	0.724178
3481	0.723718
3482	0.723277
3483	0.722856
3484	0.722450
3485	0.722056
3486	0.721682
3487	0.721320
3488	0.720971
3489	0.552939
3490	0.531390
3491	0.523708
3492	0.519667
3493	0.516981
3494	0.514974
3495	0.513388
3496	0.512071
3497	0.510951
3498	0.509969
3499	0.509102
3500	0.508325
3501	0.507624
3502	0.506976
3503	0.506382
3504	0.505831
3505	0.505325
3506	0.504847
3507	0.504404
3508	0.503983
3509	0.503585
3510	0.503206
3511	0.502846
3512	0.502505
3513	0.502175
3514	0.501858
3515	0.501561
3516	0.501272
3517	0.500994
3518	0.500730
3519	0.500470
3520	0.500225
3521	0.324155
3522	0.310846
3523	0.306029
3524	0.303474
3525	0.301762
3526	0.300481
3527	0.299463
3528	0.298617
3529	0.297894
3530	0.297269
3531	0.296707
3532	0.296215
3533	0.295759
3534	0.295345
3535	0.294965
3536	0.294606
3537	0.294278
3538	0.293967
3539	0.293677
3540	0.293403
3541	0.293145
3542	0.292901
3543	0.292665
3544	0.292451
3545	0.292245
3546	0.292043
3547	0.291853
3548	0.291671
3549	0.291498
3550	0.291331
3551	0.291164
3552	0.291004
3553	0.261679
3554	0.249413
3555	0.245120
3556	0.242875
3557	0.241383
3558	0.240275
3559	0.239402
3560	0.238678
3561	0.238063
3562	0.237527
3563	0.237059
3564	0.236641
3565	0.236259
3566	0.235911
3567	0.235593
3568	0.235294
3569	0.235020
3570	0.234760
3571	0.234517
3572	0.234287
3573	0.234072
3574	0.233863
3575	0.233674
3576	0.233484
3577	0.233305
3578	0.233132
3579	0.232971
3580	0.232813
3581	0.232665
3582	0.232524
3583	0.232391
3584	0.232261
3585	0.408504
3586	0.391808
3587	0.385883
3588	0.382818
3589	0.380796
3590	0.379297
3591	0.378097
3592	0.377106
3593	0.376263
3594	0.375527
3595	0.374877
3596	0.374295
3597	0.373768
3598	0.373288
3599	0.372842
3600	0.372428
3601	0.372049
3602	0.371690
3603	0.371352
3604	0.371035
3605	0.370740
3606	0.370459
3607	0.370195
3608	0.369937
3609	0.369693
3610	0.369458
3611	0.369233
3612	0.369018
3613	0.368813
3614	0.368616
3615	0.368424
3616	0.368235
3617	0.588156
3618	0.564164
3619	0.555669
3620	0.551280
3621	0.548379
3622	0.546225
3623	0.544527
3624	0.543121
3625	0.541926
3626	0.540886
3627	0.539969
3628	0.539146
3629	0.538405
3630	0.537732
3631	0.537110
3632	0.536531
3633	0.535997
3634	0.535491
3635	0.535022
3636	0.534578
3637	0.534157
3638	0.533756
3639	0.533379
3640	0.533013
3641	0.532669
3642	0.532337
3643	0.532021
3644	0.531718
3645	0.531431
3646	0.531147
3647	0.530878
3648	0.530617
3649	0.714559
3650	0.685445
3651	0.675253
3652	0.669995
3653	0.666520
3654	0.663951
3655	0.661920
3656	0.660245
3657	0.658818
3658	0.657579
3659	0.656489
3660	0.655509
3661	0.654626
3662	0.653812
3663	0.653069
3664	0.652378
3665	0.651737
3666	0.651141
3667	0.650579
3668	0.650047
3669	0.649544
3670	0.649071
3671	0.648620
3672	0.648187
3673	0.647772
3674	0.647376
3675	0.646998
3676	0.646637
3677	0.646290
3678	0.645956
3679	0.645632
3680	0.645319
3681	0.781036
3682	0.749133
3683	0.737864
3684	0.732108
3685	0.728313
3686	0.725513
3687	0.723300
3688	0.721477
3689	0.719923
3690	0.718573
3691	0.717378
3692	0.716316
3693	0.715351
3694	0.714470
3695	0.713658
3696	0.712909
3697	0.712209
3698	0.711556
3699	0.710939
3700	0.710358
3701	0.709810
3702	0.709293
3703	0.708800
3704	0.708332
3705	0.707879
3706	0.707452
3707	0.707037
3708	0.706646
3709	0.706266
3710	0.705894
3711	0.705543
3712	0.705205
3713	0.790082
3714	0.757963
3715	0.746749
3716	0.740982
3717	0.737176
3718	0.734374
3719	0.732154
3720	0.730327
3721	0.728773
3722	0.727420
3723	0.726225
3724	0.725153
3725	0.724183
3726	0.723296
3727	0.722484
3728	0.721724
3729	0.721026
3730	0.720367
3731	0.719755
3732	0.719173
3733	0.718623
3734	0.718104
3735	0.717608
3736	0.717131
3737	0.716678
3738	0.716247
3739	0.715834
3740	0.715438
3741	0.715058
3742	0.714688
3743	0.714334
3744	0.713992
3745	0.746830
3746	0.716228
3747	0.705547
3748	0.700070
3749	0.696467
3750	0.693803
3751	0.691693
3752	0.689958
3753	0.688483
3754	0.687205
3755	0.686070
3756	0.685056
3757	0.684139
3758	0.683295
3759	0.682526
3760	0.681818
3761	0.681157
3762	0.680536
3763	0.679952
3764	0.679401
3765	0.678883
3766	0.678392
3767	0.677922
3768	0.677478
3769	0.677052
3770	0.676643
3771	0.676250
3772	0.675873
3773	0.675512
3774	0.675161
3775	0.674822
3776	0.674501
3777	0.652109
3778	0.625175
3779	0.616029
3780	0.611332
3781	0.608222
3782	0.605909
3783	0.604074
3784	0.602562
3785	0.601270
3786	0.600151
3787	0.599159
3788	0.598267
3789	0.597466
3790	0.596732
3791	0.596059
3792	0.595429
3793	0.594852
3794	0.594308
3795	0.593799
3796	0.593319
3797	0.592858
3798	0.592432
3799	0.592019
3800	0.591625
3801	0.591246
3802	0.590885
3803	0.590541
3804	0.590217
3805	0.589896
3806	0.589594
3807	0.589304
3808	0.589022
3809	0.523128
3810	0.502647
3811	0.495423
3812	0.491646
3813	0.489141
3814	0.487274
3815	0.485795
3816	0.484567
3817	0.483519
3818	0.482612
3819	0.481802
3820	0.481082
3821	0.480430
3822	0.479828
3823	0.479282
3824	0.478773
3825	0.478293
3826	0.477850
3827	0.477433
3828	0.477040
3829	0.476671
3830	0.476318
3831	0.475986
3832	0.475668
3833	0.475365
3834	0.475075
3835	0.474796
3836	0.474529
3837	0.474272
3838	0.474024
3839	0.473786
3840	0.473557
3841	0.373479
3842	0.358273
3843	0.352910
3844	0.350117
3845	0.348270
3846	0.346889
3847	0.345795
3848	0.344891
3849	0.344117
3850	0.343438
3851	0.342844
3852	0.342317
3853	0.341834
3854	0.341395
3855	0.340990
3856	0.340618
3857	0.340267
3858	0.339944
3859	0.339636
3860	0.339344
3861	0.339067
3862	0.338809
3863	0.338562
3864	0.338327
3865	0.338097
3866	0.337883
3867	0.337675
3868	0.337476
3869	0.337287
3870	0.337110
3871	0.336936
3872	0.336764
3873	0.224416
3874	0.214057
3875	0.210423
3876	0.208537
3877	0.207292
3878	0.206366
3879	0.205630
3880	0.205019
3881	0.204502
3882	0.204052
3883	0.203654
3884	0.203302
3885	0.202977
3886	0.202686
3887	0.202419
3888	0.202170
3889	0.201936
3890	0.201724
3891	0.201526
3892	0.201334
3893	0.201153
3894	0.200978
3895	0.200817
3896	0.200657
3897	0.200510
3898	0.200370
3899	0.200235
3900	0.200099
3901	0.199968
3902	0.199847
3903	0.199726
3904	0.199610
3905	0.163824
3906	0.155904
3907	0.153057
3908	0.151555
3909	0.150551
3910	0.149804
3911	0.149210
3912	0.148722
3913	0.148306
3914	0.147943
3915	0.147627
3916	0.147336
3917	0.147079
3918	0.146843
3919	0.146626
3920	0.146427
3921	0.146237
3922	0.146057
3923	0.145897
3924	0.145734
3925	0.145590
3926	0.145454
3927	0.145322
3928	0.145194
3929	0.145072
3930	0.144959
3931	0.144847
3932	0.144740
3933	0.144643
3934	0.144550
3935	0.144461
3936	0.144371
3937	0.239744
3938	0.229666
3939	0.226030
3940	0.224136
3941	0.222870
3942	0.221936
3943	0.221192
3944	0.220576
3945	0.220060
3946	0.219606
3947	0.219203
3948	0.218845
3949	0.218514
3950	0.218208
3951	0.217931
3952	0.217675
3953	0.217441
3954	0.217222
3955	0.217014
3956	0.216819
3957	0.216636
3958	0.216462
3959	0.216294
3960	0.216133
3961	0.215978
3962	0.215838
3963	0.215699
3964	0.215568
3965	0.215439
3966	0.215316
3967	0.215199
3968	0.215087
3969	0.362342
3970	0.347423
3971	0.342156
3972	0.339429
3973	0.337621
3974	0.336274
3975	0.335211
3976	0.334328
3977	0.333573
3978	0.332919
3979	0.332348
3980	0.331833
3981	0.331367
3982	0.330937
3983	0.330546
3984	0.330185
3985	0.329844
3986	0.329527
3987	0.329231
3988	0.328956
3989	0.328691
3990	0.328435
3991	0.328192
3992	0.327964
3993	0.327749
3994	0.327539
3995	0.327340
3996	0.327151
3997	0.326970
3998	0.326793
3999	0.326624
4000	0.326467
4001	0.447955
4002	0.429735
4003	0.423259
4004	0.419910
4005	0.417697
4006	0.416053
4007	0.414750
4008	0.413675
4009	0.412762
4010	0.411977
4011	0.411283
4012	0.410655
4013	0.410093
4014	0.409576
4015	0.409101
4016	0.408666
4017	0.408257
4018	0.407870
4019	0.407511
4020	0.407169
4021	0.406849
4022	0.406546
4023	0.406256
4024	0.405987
4025	0.405728
4026	0.405478
4027	0.405237
4028	0.405006
4029	0.404781
4030	0.404566
4031	0.404362
4032	0.404162
4033	0.494772
4034	0.474804
4035	0.467718
4036	0.464063
4037	0.461658
4038	0.459874
4039	0.458461
4040	0.457292
4041	0.456305
4042	0.455442
4043	0.454681
4044	0.454005
4045	0.453389
4046	0.452832
4047	0.452314
4048	0.451832
4049	0.451386
4050	0.450970
4051	0.450580
4052	0.450213
4053	0.449870
4054	0.449540
4055	0.449228
4056	0.448931
4057	0.448644
4058	0.448371
4059	0.448109
4060	0.447860
4061	0.447622
4062	0.447392
4063	0.447166
4064	0.446951
4065	0.506097
4066	0.485718
4067	0.478526
4068	0.474828
4069	0.472385
4070	0.470575
4071	0.469137
4072	0.467952
4073	0.466948
4074	0.466074
4075	0.465296
4076	0.464609
4077	0.463980
4078	0.463414
4079	0.462888
4080	0.462401
4081	0.461947
4082	0.461522
4083	0.461124
4084	0.460750
4085	0.460395
4086	0.460056
4087	0.459738
4088	0.459434
4089	0.459145
4090	0.458869
4091	0.458606
4092	0.458351
4093	0.458105
4094	0.457870
4095	0.457637
4096	0.457418
4097	0.481444
4098	0.462144
4099	0.455376
4100	0.451875
4101	0.449562
4102	0.447852
4103	0.446493
4104	0.445375
4105	0.444419
4106	0.443591
4107	0.442861
4108	0.442207
4109	0.441612
4110	0.441070
4111	0.440569
4112	0.440107
4113	0.439671
4114	0.439270
4115	0.438890
4116	0.438532
4117	0.438196
4118	0.437877
4119	0.437575
4120	0.437287
4121	0.437011
4122	0.436746
4123	0.436494
4124	0.436249
4125	0.436016
4126	0.435790
4127	0.435570
4128	0.435359
4129	0.424218
4130	0.407078
4131	0.401106
4132	0.398022
4133	0.395980
4134	0.394458
4135	0.393255
4136	0.392265
4137	0.391421
4138	0.390683
4139	0.390037
4140	0.389453
4141	0.388925
4142	0.388443
4143	0.387995
4144	0.387589
4145	0.387207
4146	0.386848
4147	0.386514
4148	0.386201
4149	0.385906
4150	0.385627
4151	0.385358
4152	0.385107
4153	0.384865
4154	0.384634
4155	0.384410
4156	0.384200
4157	0.383993
4158	0.383794
4159	0.383600
4160	0.383410
4161	0.340846
4162	0.327190
4163	0.322466
4164	0.320004
4165	0.318365
4166	0.317149
4167	0.316186
4168	0.315381
4169	0.314701
4170	0.314110
4171	0.313586
4172	0.313116
4173	0.312690
4174	0.312298
4175	0.311938
4176	0.311610
4177	0.311300
4178	0.311014
4179	0.310752
4180	0.310497
4181	0.310258
4182	0.310031
4183	0.309815
4184	0.309611
4185	0.309410
4186	0.309224
4187	0.309045
4188	0.308869
4189	0.308708
4190	0.308543
4191	0.308391
4192	0.308243
4193	0.239635
4194	0.230101
4195	0.226688
4196	0.224900
4197	0.223717
4198	0.222841
4199	0.222149
4200	0.221575
4201	0.221083
4202	0.220651
4203	0.220270
4204	0.219934
4205	0.219634
4206	0.219356
4207	0.219099
4208	0.218862
4209	0.218640
4210	0.218440
4211	0.218243
4212	0.218061
4213	0.217894
4214	0.217733
4215	0.217577
4216	0.217428
4217	0.217287
4218	0.217150
4219	0.217022
4220	0.216898
4221	0.216779
4222	0.216666
4223	0.216557
4224	0.216453
4225	0.137643
4226	0.131738
4227	0.129611
4228	0.128503
4229	0.127763
4230	0.127205
4231	0.126768
4232	0.126402
4233	0.126095
4234	0.125829
4235	0.125594
4236	0.125378
4237	0.125183
4238	0.125015
4239	0.124853
4240	0.124703
4241	0.124565
4242	0.124434
4243	0.124312
4244	0.124202
4245	0.124099
4246	0.124001
4247	0.123908
4248	0.123824
4249	0.123743
4250	0.123666
4251	0.123590
4252	0.123521
4253	0.123454
4254	0.123388
4255	0.123322
4256	0.123262
4257	0.080082
4258	0.075722
4259	0.074176
4260	0.073369
4261	0.072842
4262	0.072437
4263	0.072124
4264	0.071862
4265	0.071638
4266	0.071450
4267	0.071281
4268	0.071132
4269	0.070991
4270	0.070867
4271	0.070755
4272	0.070650
4273	0.070555
4274	0.070466
4275	0.070378
4276	0.070295
4277	0.070222
4278	0.070154
4279	0.070089
4280	0.070029
4281	0.069971
4282	0.069915
4283	0.069860
4284	0.069810
4285	0.069763
4286	0.069716
4287	0.069669
4288	0.069625
4289	0.142210
4290	0.135763
4291	0.133539
4292	0.132385
4293	0.131632
4294	0.131066
4295	0.130618
4296	0.130258
4297	0.129949
4298	0.129673
4299	0.129439
4300	0.129227
4301	0.129032
4302	0.128857
4303	0.128693
4304	0.128542
4305	0.128402
4306	0.128269
4307	0.128150
4308	0.128033
4309	0.127928
4310	0.127823
4311	0.127725
4312	0.127633
4313	0.127545
4314	0.127459
4315	0.127379
4316	0.127302
4317	0.127228
4318	0.127156
4319	0.127088
4320	0.127022
4321	0.220727
4322	0.211197
4323	0.207901
4324	0.206208
4325	0.205086
4326	0.204260
4327	0.203606
4328	0.203067
4329	0.202610
4330	0.202209
4331	0.201858
4332	0.201542
4333	0.201254
4334	0.200996
4335	0.200758
4336	0.200541
4337	0.200340
4338	0.200142
4339	0.199963
4340	0.199793
4341	0.199633
4342	0.199484
4343	0.199340
4344	0.199206
4345	0.199074
4346	0.198957
4347	0.198835
4348	0.198722
4349	0.198612
4350	0.198509
4351	0.198411
4352	0.198311
4353	0.279184
4354	0.267391
4355	0.263277
4356	0.261158
4357	0.259767
4358	0.258734
4359	0.257928
4360	0.257254
4361	0.256686
4362	0.256191
4363	0.255752
4364	0.255368
4365	0.255011
4366	0.254683
4367	0.254388
4368	0.254115
4369	0.253859
4370	0.253619
4371	0.253393
4372	0.253187
4373	0.252985
4374	0.252795
4375	0.252614
4376	0.252442
4377	0.252284
4378	0.252132
4379	0.251985
4380	0.251841
4381	0.251702
4382	0.251568
4383	0.251438
4384	0.251313
4385	0.316932
4386	0.303602
4387	0.298938
4388	0.296538
4389	0.294968
4390	0.293798
4391	0.292877
4392	0.292114
4393	0.291464
4394	0.290902
4395	0.290402
4396	0.289959
4397	0.289558
4398	0.289192
4399	0.288860
4400	0.288555
4401	0.288265
4402	0.287997
4403	0.287744
4404	0.287507
4405	0.287279
4406	0.287062
4407	0.286856
4408	0.286662
4409	0.286478
4410	0.286301
4411	0.286130
4412	0.285968
4413	0.285810
4414	0.285661
4415	0.285516
4416	0.285376
4417	0.328825
4418	0.315078
4419	0.310291
4420	0.307822
4421	0.306193
4422	0.304995
4423	0.304044
4424	0.303263
4425	0.302599
4426	0.302016
4427	0.301497
4428	0.301038
4429	0.300622
4430	0.300248
4431	0.299907
4432	0.299590
4433	0.299297
4434	0.299022
4435	0.298757
4436	0.298512
4437	0.298282
4438	0.298059
4439	0.297849
4440	0.297646
4441	0.297457
4442	0.297273
4443	0.297101
4444	0.296929
4445	0.296766
4446	0.296609
4447	0.296456
4448	0.296313
4449	0.317997
4450	0.304647
4451	0.299968
4452	0.297571
4453	0.296007
4454	0.294847
4455	0.293936
4456	0.293177
4457	0.292528
4458	0.291960
4459	0.291461
4460	0.291020
4461	0.290615
4462	0.290249
4463	0.289915
4464	0.289604
4465	0.289316
4466	0.289044
4467	0.288794
4468	0.288555
4469	0.288328
4470	0.288106
4471	0.287900
4472	0.287705
4473	0.287519
4474	0.287339
4475	0.287169
4476	0.287004
4477	0.286842
4478	0.286693
4479	0.286552
4480	0.286411
4481	0.285174
4482	0.273212
4483	0.269052
4484	0.266900
4485	0.265478
4486	0.264432
4487	0.263607
4488	0.262915
4489	0.262329
4490	0.261820
4491	0.261375
4492	0.260973
4493	0.260612
4494	0.260276
4495	0.259976
4496	0.259696
4497	0.259430
4498	0.259190
4499	0.258957
4500	0.258741
4501	0.258535
4502	0.258346
4503	0.258161
4504	0.257982
4505	0.257809
4506	0.257649
4507	0.257498
4508	0.257351
4509	0.257214
4510	0.257079
4511	0.256948
4512	0.256824
4513	0.234550
4514	0.224669
4515	0.221235
4516	0.219458
4517	0.218283
4518	0.217404
4519	0.216709
4520	0.216132
4521	0.215645
4522	0.215223
4523	0.214854
4524	0.214524
4525	0.214216
4526	0.213941
4527	0.213688
4528	0.213451
4529	0.213228
4530	0.213025
4531	0.212834
4532	0.212647
4533	0.212477
4534	0.212319
4535	0.212170
4536	0.212026
4537	0.211891
4538	0.211761
4539	0.211637
4540	0.211517
4541	0.211396
4542	0.211284
4543	0.211174
4544	0.211067
4545	0.172071
4546	0.164532
4547	0.161883
4548	0.160505
4549	0.159588
4550	0.158910
4551	0.158377
4552	0.157929
4553	0.157551
4554	0.157222
4555	0.156928
4556	0.156674
4557	0.156439
4558	0.156226
4559	0.156028
4560	0.155848
4561	0.155679
4562	0.155523
4563	0.155376
4564	0.155236
4565	0.155107
4566	0.154979
4567	0.154859
4568	0.154749
4569	0.154635
4570	0.154533
4571	0.154431
4572	0.154338
4573	0.154246
4574	0.154161
4575	0.154081
4576	0.154001
4577	0.104748
4578	0.099530
4579	0.097717
4580	0.096765
4581	0.096134
4582	0.095664
4583	0.095295
4584	0.094988
4585	0.094723
4586	0.094491
4587	0.094287
4588	0.094105
4589	0.093943
4590	0.093797
4591	0.093664
4592	0.093539
4593	0.093420
4594	0.093311
4595	0.093211
4596	0.093115
4597	0.093024
4598	0.092941
4599	0.092865
4600	0.092786
4601	0.092718
4602	0.092649
4603	0.092591
4604	0.092527
4605	0.092470
4606	0.092415
4607	0.092365
4608	0.092319
4609	0.060998
4610	0.057139
4611	0.055776
4612	0.055054
4613	0.054568
4614	0.054211
4615	0.053932
4616	0.053701
4617	0.053510
4618	0.053345
4619	0.053199
4620	0.053070
4621	0.052946
4622	0.052836
4623	0.052733
4624	0.052643
4625	0.052560
4626	0.052483
4627	0.052411
4628	0.052344
4629	0.052281
4630	0.052221
4631	0.052167
4632	0.052115
4633	0.052067
4634	0.052024
4635	0.051979
4636	0.051941
4637	0.051900
4638	0.051864
4639	0.051833
4640	0.051798
4641	0.084853
4642	0.080652
4643	0.079140
4644	0.078340
4645	0.077805
4646	0.077410
4647	0.077095
4648	0.076838
4649	0.076618
4650	0.076425
4651	0.076263
4652	0.076114
4653	0.075981
4654	0.075860
4655	0.075744
4656	0.075637
4657	0.075539
4658	0.075452
4659	0.075367
4660	0.075286
4661	0.075211
4662	0.075146
4663	0.075081
4664	0.075017
4665	0.074956
4666	0.074900
4667	0.074842
4668	0.074789
4669	0.074738
4670	0.074686
4671	0.074642
4672	0.074597
4673	0.137720
4674	0.131645
4675	0.129486
4676	0.128352
4677	0.127599
4678	0.127038
4679	0.126595
4680	0.126224
4681	0.125911
4682	0.125642
4683	0.125408
4684	0.125194
4685	0.125001
4686	0.124825
4687	0.124661
4688	0.124512
4689	0.124372
4690	0.124241
4691	0.124121
4692	0.124005
4693	0.123896
4694	0.123796
4695	0.123702
4696	0.123610
4697	0.123522
4698	0.123439
4699	0.123360
4700	0.123286
4701	0.123216
4702	0.123147
4703	0.123081
4704	0.123015
4705	0.176726
4706	0.169180
4707	0.166469
4708	0.165061
4709	0.164132
4710	0.163443
4711	0.162897
4712	0.162438
4713	0.162059
4714	0.161720
4715	0.161427
4716	0.161164
4717	0.160924
4718	0.160714
4719	0.160517
4720	0.160337
4721	0.160167
4722	0.160007
4723	0.159858
4724	0.159722
4725	0.159587
4726	0.159460
4727	0.159335
4728	0.159220
4729	0.159114
4730	0.159008
4731	0.158908
4732	0.158812
4733	0.158722
4734	0.158632
4735	0.158551
4736	0.158471
4737	0.200712
4738	0.192334
4739	0.189334
4740	0.187768
4741	0.186735
4742	0.185965
4743	0.185357
4744	0.184851
4745	0.184425
4746	0.184051
4747	0.183724
4748	0.183436
4749	0.183172
4750	0.182934
4751	0.182714
4752	0.182509
4753	0.182322
4754	0.182149
4755	0.181989
4756	0.181837
4757	0.181694
4758	0.181553
4759	0.181423
4760	0.181292
4761	0.181168
4762	0.181050
4763	0.180933
4764	0.180822
4765	0.180718
4766	0.180617
4767	0.180520
4768	0.180429
4769	0.211362
4770	0.202565
4771	0.199418
4772	0.197782
4773	0.196706
4774	0.195899
4775	0.195256
4776	0.194739
4777	0.194295
4778	0.193908
4779	0.193563
4780	0.193259
4781	0.192985
4782	0.192739
4783	0.192511
4784	0.192296
4785	0.192093
4786	0.191906
4787	0.191729
4788	0.191573
4789	0.191421
4790	0.191280
4791	0.191148
4792	0.191010
4793	0.190883
4794	0.190759
4795	0.190640
4796	0.190523
4797	0.190414
4798	0.190308
4799	0.190209
4800	0.190109
4801	0.205840
4802	0.197282
4803	0.194232
4804	0.192648
4805	0.191607
4806	0.190825
4807	0.190203
4808	0.189692
4809	0.189258
4810	0.188885
4811	0.188550
4812	0.188252
4813	0.187985
4814	0.187744
4815	0.187516
4816	0.187310
4817	0.187112
4818	0.186930
4819	0.186760
4820	0.186607
4821	0.186459
4822	0.186320
4823	0.186188
4824	0.186061
4825	0.185934
4826	0.185815
4827	0.185703
4828	0.185590
4829	0.185486
4830	0.185384
4831	0.185287
4832	0.185195
4833	0.186402
4834	0.178562
4835	0.175803
4836	0.174362
4837	0.173412
4838	0.172701
4839	0.172133
4840	0.171668
4841	0.171275
4842	0.170940
4843	0.170645
4844	0.170375
4845	0.170133
4846	0.169909
4847	0.169700
4848	0.169508
4849	0.169333
4850	0.169170
4851	0.169019
4852	0.168879
4853	0.168743
4854	0.168618
4855	0.168495
4856	0.168385
4857	0.168274
4858	0.168174
4859	0.168076
4860	0.167979
4861	0.167890
4862	0.167802
4863	0.167718
4864	0.167638
4865	0.155993
4866	0.149317
4867	0.146931
4868	0.145681
4869	0.144854
4870	0.144231
4871	0.143734
4872	0.143326
4873	0.142981
4874	0.142687
4875	0.142423
4876	0.142185
4877	0.141970
4878	0.141777
4879	0.141604
4880	0.141445
4881	0.141295
4882	0.141155
4883	0.141018
4884	0.140898
4885	0.140785
4886	0.140677
4887	0.140579
4888	0.140477
4889	0.140386
4890	0.140295
4891	0.140211
4892	0.140125
4893	0.140042
4894	0.139968
4895	0.139893
4896	0.139822
4897	0.118924
4898	0.113610
4899	0.111693
4900	0.110690
4901	0.110013
4902	0.109517
4903	0.109114
4904	0.108787
4905	0.108508
4906	0.108263
4907	0.108054
4908	0.107861
4909	0.107695
4910	0.107548
4911	0.107407
4912	0.107278
4913	0.107162
4914	0.107053
4915	0.106948
4916	0.106853
4917	0.106763
4918	0.106678
4919	0.106597
4920	0.106521
4921	0.106451
4922	0.106380
4923	0.106314
4924	0.106245
4925	0.106187
4926	0.106126
4927	0.106068
4928	0.106010
4929	0.078368
4930	0.074346
4931	0.072957
4932	0.072229
4933	0.071743
4934	0.071379
4935	0.071089
4936	0.070850
4937	0.070651
4938	0.070481
4939	0.070330
4940	0.070195
4941	0.070072
4942	0.069964
4943	0.069861
4944	0.069770
4945	0.069685
4946	0.069601
4947	0.069523
4948	0.069453
4949	0.069386
4950	0.069323
4951	0.069266
4952	0.069210
4953	0.069162
4954	0.069109
4955	0.069063
4956	0.069016
4957	0.068972
4958	0.068931
4959	0.068895
4960	0.068859
4961	0.046262
4962	0.043083
4963	0.041964
4964	0.041370
4965	0.040973
4966	0.040668
4967	0.040429
4968	0.040236
4969	0.040072
4970	0.039935
4971	0.039816
4972	0.039707
4973	0.039608
4974	0.039522
4975	0.039438
4976	0.039361
4977	0.039293
4978	0.039228
4979	0.039166
4980	0.039113
4981	0.039064
4982	0.039015
4983	0.038971
4984	0.038934
4985	0.038898
4986	0.038868
4987	0.038839
4988	0.038813
4989	0.038786
4990	0.038757
4991	0.038735
4992	0.038714
4993	0.061446
4994	0.057706
4995	0.056435
4996	0.055772
4997	0.055330
4998	0.055007
4999	0.054743
5000	0.054531
5001	0.054348
5002	0.054186
5003	0.054046
5004	0.053918
5005	0.053807
5006	0.053708
5007	0.053613
5008	0.053533
5009	0.053462
5010	0.053389
5011	0.053323
5012	0.053259
5013	0.053200
5014	0.053142
5015	0.053085
5016	0.053025
5017	0.052971
5018	0.052922
5019	0.052871
5020	0.052826
5021	0.052782
5022	0.052742
5023	0.052703
5024	0.052667
5025	0.091617
5026	0.086885
5027	0.085252
5028	0.084400
5029	0.083839
5030	0.083427
5031	0.083101
5032	0.082828
5033	0.082604
5034	0.082412
5035	0.082235
5036	0.082080
5037	0.081935
5038	0.081811
5039	0.081691
5040	0.081588
5041	0.081487
5042	0.081393
5043	0.081306
5044	0.081224
5045	0.081147
5046	0.081077
5047	0.081011
5048	0.080953
5049	0.080893
5050	0.080839
5051	0.080786
5052	0.080735
5053	0.080685
5054	0.080637
5055	0.080589
5056	0.080545
5057	0.117748
5058	0.112039
5059	0.110056
5060	0.109042
5061	0.108374
5062	0.107883
5063	0.107492
5064	0.107179
5065	0.106900
5066	0.106666
5067	0.106460
5068	0.106273
5069	0.106115
5070	0.105960
5071	0.105817
5072	0.105685
5073	0.105558
5074	0.105450
5075	0.105344
5076	0.105248
5077	0.105159
5078	0.105074
5079	0.104992
5080	0.104912
5081	0.104835
5082	0.104758
5083	0.104693
5084	0.104626
5085	0.104563
5086	0.104504
5087	0.104447
5088	0.104393
5089	0.134506
5090	0.128152
5091	0.125942
5092	0.124798
5093	0.124044
5094	0.123494
5095	0.123059
5096	0.122712
5097	0.122410
5098	0.122147
5099	0.121912
5100	0.121704
5101	0.121521
5102	0.121351
5103	0.121195
5104	0.121049
5105	0.120914
5106	0.120780
5107	0.120658
5108	0.120548
5109	0.120445
5110	0.120349
5111	0.120255
5112	0.120173
5113	0.120095
5114	0.120021
5115	0.119947
5116	0.119875
5117	0.119802
5118	0.119732
5119	0.119669
5120	0.119611
5121	0.141590
5122	0.134972
5123	0.132667
5124	0.131474
5125	0.130691
5126	0.130110
5127	0.129661
5128	0.129293
5129	0.128979
5130	0.128708
5131	0.128466
5132	0.128250
5133	0.128059
5134	0.127876
5135	0.127715
5136	0.127568
5137	0.127429
5138	0.127296
5139	0.127171
5140	0.127052
5141	0.126938
5142	0.126832
5143	0.126738
5144	0.126643
5145	0.126561
5146	0.126482
5147	0.126402
5148	0.126328
5149	0.126251
5150	0.126181
5151	0.126113
5152	0.126045
5153	0.139355
5154	0.132768
5155	0.130489
5156	0.129318
5157	0.128551
5158	0.127982
5159	0.127536
5160	0.127166
5161	0.126856
5162	0.126583
5163	0.126346
5164	0.126136
5165	0.125938
5166	0.125760
5167	0.125600
5168	0.125454
5169	0.125314
5170	0.125187
5171	0.125063
5172	0.124947
5173	0.124838
5174	0.124738
5175	0.124645
5176	0.124555
5177	0.124470
5178	0.124391
5179	0.124315
5180	0.124241
5181	0.124171
5182	0.124101
5183	0.124030
5184	0.123964
5185	0.128351
5186	0.122259
5187	0.120131
5188	0.119030
5189	0.118306
5190	0.117770
5191	0.117351
5192	0.117002
5193	0.116706
5194	0.116451
5195	0.116227
5196	0.116023
5197	0.115831
5198	0.115666
5199	0.115516
5200	0.115370
5201	0.115239
5202	0.115115
5203	0.114995
5204	0.114889
5205	0.114791
5206	0.114699
5207	0.114610
5208	0.114528
5209	0.114453
5210	0.114378
5211	0.114304
5212	0.114232
5213	0.114162
5214	0.114101
5215	0.114035
5216	0.113973
5217	0.110511
5218	0.105144
5219	0.103239
5220	0.102242
5221	0.101581
5222	0.101091
5223	0.100708
5224	0.100399
5225	0.100131
5226	0.099898
5227	0.099686
5228	0.099504
5229	0.099334
5230	0.099179
5231	0.099039
5232	0.098912
5233	0.098792
5234	0.098687
5235	0.098584
5236	0.098493
5237	0.098406
5238	0.098321
5239	0.098240
5240	0.098162
5241	0.098086
5242	0.098021
5243	0.097957
5244	0.097894
5245	0.097834
5246	0.097777
5247	0.097720
5248	0.097666
5249	0.087372
5250	0.082855
5251	0.081268
5252	0.080453
5253	0.079903
5254	0.079490
5255	0.079162
5256	0.078897
5257	0.078669
5258	0.078472
5259	0.078300
5260	0.078143
5261	0.078003
5262	0.077882
5263	0.077770
5264	0.077668
5265	0.077575
5266	0.077485
5267	0.077402
5268	0.077324
5269	0.077245
5270	0.077173
5271	0.077104
5272	0.077044
5273	0.076987
5274	0.076931
5275	0.076879
5276	0.076831
5277	0.076783
5278	0.076738
5279	0.076691
5280	0.076650
5281	0.061483
5282	0.057869
5283	0.056606
5284	0.055935
5285	0.055499
5286	0.055172
5287	0.054910
5288	0.054698
5289	0.054509
5290	0.054360
5291	0.054224
5292	0.054103
5293	0.053995
5294	0.053890
5295	0.053796
5296	0.053712
5297	0.053640
5298	0.053570
5299	0.053502
5300	0.053442
5301	0.053385
5302	0.053330
5303	0.053282
5304	0.053241
5305	0.053197
5306	0.053159
5307	0.053120
5308	0.053084
5309	0.053050
5310	0.053014
5311	0.052984
5312	0.052952
5313	0.038693
5314	0.035613
5315	0.034517
5316	0.033927
5317	0.033532
5318	0.033248
5319	0.033021
5320	0.032832
5321	0.032668
5322	0.032531
5323	0.032414
5324	0.032310
5325	0.032214
5326	0.032127
5327	0.032045
5328	0.031978
5329	0.031910
5330	0.031847
5331	0.031792
5332	0.031740
5333	0.031693
5334	0.031650
5335	0.031611
5336	0.031573
5337	0.031541
5338	0.031511
5339	0.031483
5340	0.031455
5341	0.031433
5342	0.031410
5343	0.031389
5344	0.031369
5345	0.036454
5346	0.033512
5347	0.032477
5348	0.031918
5349	0.031544
5350	0.031260
5351	0.031037
5352	0.030857
5353	0.030703
5354	0.030572
5355	0.030455
5356	0.030353
5357	0.030260
5358	0.030178
5359	0.030101
5360	0.030024
5361	0.029962
5362	0.029904
5363	0.029851
5364	0.029805
5365	0.029765
5366	0.029726
5367	0.029694
5368	0.029666
5369	0.029635
5370	0.029608
5371	0.029585
5372	0.029565
5373	0.029541
5374	0.029521
5375	0.029499
5376	0.029482
5377	0.054060
5378	0.050912
5379	0.049786
5380	0.049189
5381	0.048790
5382	0.048497
5383	0.048262
5384	0.048068
5385	0.047902
5386	0.047758
5387	0.047628
5388	0.047511
5389	0.047409
5390	0.047317
5391	0.047233
5392	0.047159
5393	0.047087
5394	0.047020
5395	0.046961
5396	0.046901
5397	0.046845
5398	0.046795
5399	0.046749
5400	0.046700
5401	0.046662
5402	0.046621
5403	0.046582
5404	0.046545
5405	0.046508
5406	0.046475
5407	0.046443
5408	0.046413
5409	0.072505
5410	0.068743
5411	0.067385
5412	0.066669
5413	0.066189
5414	0.065835
5415	0.065547
5416	0.065309
5417	0.065107
5418	0.064935
5419	0.064780
5420	0.064642
5421	0.064522
5422	0.064406
5423	0.064306
5424	0.064213
5425	0.064130
5426	0.064050
5427	0.063977
5428	0.063913
5429	0.063846
5430	0.063788
5431	0.063731
5432	0.063677
5433	0.063626
5434	0.063577
5435	0.063533
5436	0.063491
5437	0.063449
5438	0.063406
5439	0.063365
5440	0.063328
5441	0.085223
5442	0.081094
5443	0.079603
5444	0.078815
5445	0.078292
5446	0.077893
5447	0.077581
5448	0.077330
5449	0.077107
5450	0.076918
5451	0.076753
5452	0.076600
5453	0.076464
5454	0.076339
5455	0.076224
5456	0.076120
5457	0.076027
5458	0.075942
5459	0.075861
5460	0.075786
5461	0.075712
5462	0.075644
5463	0.075577
5464	0.075517
5465	0.075462
5466	0.075408
5467	0.075355
5468	0.075307
5469	0.075263
5470	0.075220
5471	0.075179
5472	0.075137
5473	0.092482
5474	0.088073
5475	0.086485
5476	0.085642
5477	0.085080
5478	0.084654
5479	0.084315
5480	0.084034
5481	0.083795
5482	0.083589
5483	0.083408
5484	0.083242
5485	0.083096
5486	0.082966
5487	0.082844
5488	0.082732
5489	0.082631
5490	0.082540
5491	0.082457
5492	0.082380
5493	0.082303
5494	0.082235
5495	0.082163
5496	0.082100
5497	0.082036
5498	0.081976
5499	0.081919
5500	0.081865
5501	0.081812
5502	0.081763
5503	0.081712
5504	0.081667
5505	0.094766
5506	0.090108
5507	0.088442
5508	0.087564
5509	0.086978
5510	0.086539
5511	0.086192
5512	0.085900
5513	0.085656
5514	0.085442
5515	0.085250
5516	0.085080
5517	0.084930
5518	0.084791
5519	0.084665
5520	0.084553
5521	0.084447
5522	0.084355
5523	0.084264
5524	0.084183
5525	0.084105
5526	0.084027
5527	0.083959
5528	0.083893
5529	0.083823
5530	0.083756
5531	0.083695
5532	0.083643
5533	0.083586
5534	0.083529
5535	0.083477
5536	0.083428
5537	0.090710
5538	0.086195
5539	0.084566
5540	0.083713
5541	0.083136
5542	0.082701
5543	0.082358
5544	0.082071
5545	0.081828
5546	0.081609
5547	0.081425
5548	0.081266
5549	0.081118
5550	0.080988
5551	0.080870
5552	0.080758
5553	0.080657
5554	0.080566
5555	0.080479
5556	0.080393
5557	0.080314
5558	0.080235
5559	0.080160
5560	0.080088
5561	0.080021
5562	0.079960
5563	0.079895
5564	0.079839
5565	0.079784
5566	0.079735
5567	0.079687
5568	0.079641
5569	0.081321
5570	0.077111
5571	0.075616
5572	0.074816
5573	0.074281
5574	0.073877
5575	0.073562
5576	0.073300
5577	0.073082
5578	0.072890
5579	0.072728
5580	0.072582
5581	0.072453
5582	0.072335
5583	0.072228
5584	0.072132
5585	0.072040
5586	0.071952
5587	0.071870
5588	0.071786
5589	0.071710
5590	0.071643
5591	0.071574
5592	0.071509
5593	0.071450
5594	0.071392
5595	0.071341
5596	0.071292
5597	0.071243
5598	0.071198
5599	0.071153
5600	0.071109
5601	0.068221
5602	0.064427
5603	0.063059
5604	0.062344
5605	0.061862
5606	0.061493
5607	0.061206
5608	0.060976
5609	0.060782
5610	0.060612
5611	0.060467
5612	0.060334
5613	0.060215
5614	0.060109
5615	0.060004
5616	0.059910
5617	0.059823
5618	0.059744
5619	0.059667
5620	0.059599
5621	0.059535
5622	0.059474
5623	0.059420
5624	0.059366
5625	0.059314
5626	0.059264
5627	0.059219
5628	0.059179
5629	0.059140
5630	0.059103
5631	0.059069
5632	0.059036
5633	0.053497
5634	0.050197
5635	0.049029
5636	0.048407
5637	0.047986
5638	0.047669
5639	0.047416
5640	0.047215
5641	0.047042
5642	0.046886
5643	0.046753
5644	0.046632
5645	0.046524
5646	0.046430
5647	0.046343
5648	0.046260
5649	0.046191
5650	0.046130
5651	0.046074
5652	0.046018
5653	0.045970
5654	0.045920
5655	0.045873
5656	0.045829
5657	0.045784
5658	0.045742
5659	0.045704
5660	0.045666
5661	0.045631
5662	0.045596
5663	0.045563
5664	0.045533
5665	0.041342
5666	0.038266
5667	0.037164
5668	0.036565
5669	0.036167
5670	0.035872
5671	0.035629
5672	0.035441
5673	0.035281
5674	0.035151
5675	0.035035
5676	0.034930
5677	0.034836
5678	0.034747
5679	0.034677
5680	0.034605
5681	0.034539
5682	0.034475
5683	0.034414
5684	0.034361
5685	0.034312
5686	0.034264
5687	0.034215
5688	0.034171
5689	0.034131
5690	0.034097
5691	0.034064
5692	0.034032
5693	0.034002
5694	0.033974
5695	0.033945
5696	0.033917
5697	0.037917
5698	0.034803
5699	0.033689
5700	0.033100
5701	0.032710
5702	0.032411
5703	0.032178
5704	0.031983
5705	0.031817
5706	0.031679
5707	0.031560
5708	0.031456
5709	0.031365
5710	0.031281
5711	0.031202
5712	0.031127
5713	0.031062
5714	0.030999
5715	0.030941
5716	0.030886
5717	0.030839
5718	0.030789
5719	0.030745
5720	0.030700
5721	0.030663
5722	0.030631
5723	0.030600
5724	0.030572
5725	0.030542
5726	0.030515
5727	0.030491
5728	0.030464
5729	0.044376
5730	0.041096
5731	0.039922
5732	0.039304
5733	0.038883
5734	0.038575
5735	0.038338
5736	0.038148
5737	0.037979
5738	0.037835
5739	0.037708
5740	0.037605
5741	0.037512
5742	0.037427
5743	0.037351
5744	0.037283
5745	0.037215
5746	0.037146
5747	0.037085
5748	0.037024
5749	0.036968
5750	0.036914
5751	0.036860
5752	0.036811
5753	0.036764
5754	0.036721
5755	0.036680
5756	0.036643
5757	0.036610
5758	0.036577
5759	0.036546
5760	0.036519
5761	0.052892
5762	0.049488
5763	0.048308
5764	0.047683
5765	0.047263
5766	0.046951
5767	0.046707
5768	0.046509
5769	0.046340
5770	0.046195
5771	0.046065
5772	0.045941
5773	0.045838
5774	0.045744
5775	0.045664
5776	0.045589
5777	0.045519
5778	0.045456
5779	0.045401
5780	0.045345
5781	0.045293
5782	0.045244
5783	0.045194
5784	0.045146
5785	0.045102
5786	0.045057
5787	0.045015
5788	0.044971
5789	0.044932
5790	0.044897
5791	0.044859
5792	0.044823
5793	0.061059
5794	0.057366
5795	0.056093
5796	0.055423
5797	0.054973
5798	0.054641
5799	0.054378
5800	0.054163
5801	0.053976
5802	0.053820
5803	0.053681
5804	0.053562
5805	0.053453
5806	0.053351
5807	0.053261
5808	0.053176
5809	0.053100
5810	0.053029
5811	0.052970
5812	0.052907
5813	0.052854
5814	0.052800
5815	0.052750
5816	0.052702
5817	0.052657
5818	0.052616
5819	0.052575
5820	0.052534
5821	0.052498
5822	0.052460
5823	0.052426
5824	0.052389
5825	0.065677
5826	0.061810
5827	0.060466
5828	0.059753
5829	0.059280
5830	0.058928
5831	0.058650
5832	0.058425
5833	0.058228
5834	0.058062
5835	0.057910
5836	0.057778
5837	0.057661
5838	0.057552
5839	0.057453
5840	0.057367
5841	0.057286
5842	0.057216
5843	0.057147
5844	0.057086
5845	0.057027
5846	0.056971
5847	0.056917
5848	0.056865
5849	0.056817
5850	0.056773
5851	0.056729
5852	0.056689
5853	0.056656
5854	0.056619
5855	0.056583
5856	0.056550
5857	0.066304
5858	0.062449
5859	0.061101
5860	0.060379
5861	0.059906
5862	0.059553
5863	0.059272
5864	0.059047
5865	0.058851
5866	0.058683
5867	0.058539
5868	0.058407
5869	0.058289
5870	0.058181
5871	0.058084
5872	0.057993
5873	0.057907
5874	0.057834
5875	0.057764
5876	0.057701
5877	0.057645
5878	0.057587
5879	0.057538
5880	0.057487
5881	0.057439
5882	0.057390
5883	0.057347
5884	0.057308
5885	0.057272
5886	0.057236
5887	0.057203
5888	0.057169
5889	0.063239
5890	0.059458
5891	0.058149
5892	0.057461
5893	0.057000
5894	0.056657
5895	0.056386
5896	0.056169
5897	0.055978
5898	0.055821
5899	0.055679
5900	0.055552
5901	0.055440
5902	0.055337
5903	0.055240
5904	0.055150
5905	0.055069
5906	0.054994
5907	0.054930
5908	0.054868
5909	0.054814
5910	0.054759
5911	0.054708
5912	0.054659
5913	0.054613
5914	0.054571
5915	0.054531
5916	0.054495
5917	0.054460
5918	0.054425
5919	0.054391
5920	0.054357
5921	0.057269
5922	0.053670
5923	0.052413
5924	0.051751
5925	0.051305
5926	0.050972
5927	0.050712
5928	0.050503
5929	0.050322
5930	0.050163
5931	0.050030
5932	0.049909
5933	0.049800
5934	0.049694
5935	0.049605
5936	0.049517
5937	0.049441
5938	0.049375
5939	0.049313
5940	0.049256
5941	0.049199
5942	0.049148
5943	0.049098
5944	0.049056
5945	0.049016
5946	0.048979
5947	0.048940
5948	0.048903
5949	0.048865
5950	0.048833
5951	0.048801
5952	0.048771
5953	0.050057
5954	0.046425
5955	0.045153
5956	0.044482
5957	0.044030
5958	0.043700
5959	0.043435
5960	0.043217
5961	0.043036
5962	0.042876
5963	0.042736
5964	0.042608
5965	0.042499
5966	0.042400
5967	0.042315
5968	0.042237
5969	0.042162
5970	0.042093
5971	0.042025
5972	0.041964
5973	0.041913
5974	0.041861
5975	0.041813
5976	0.041768
5977	0.041725
5978	0.041684
5979	0.041643
5980	0.041604
5981	0.041566
5982	0.041530
5983	0.041500
5984	0.041466
5985	0.043256
5986	0.039503
5987	0.038194
5988	0.037495
5989	0.037031
5990	0.036691
5991	0.036420
5992	0.036194
5993	0.036001
5994	0.035838
5995	0.035692
5996	0.035569
5997	0.035458
5998	0.035361
5999	0.035275
6000	0.035194
6001	0.035117
6002	0.035044
6003	0.034976
6004	0.034912
6005	0.034854
6006	0.034796
6007	0.034743
6008	0.034691
6009	0.034642
6010	0.034598
6011	0.034555
6012	0.034520
6013	0.034482
6014	0.034449
6015	0.034417
6016	0.034388
6017	0.037626
6018	0.033904
6019	0.032598
6020	0.031888
6021	0.031404
6022	0.031049
6023	0.030768
6024	0.030536
6025	0.030339
6026	0.030177
6027	0.030030
6028	0.029905
6029	0.029793
6030	0.029690
6031	0.029595
6032	0.029509
6033	0.029427
6034	0.029353
6035	0.029281
6036	0.029218
6037	0.029155
6038	0.029096
6039	0.029047
6040	0.029000
6041	0.028960
6042	0.028919
6043	0.028879
6044	0.028847
6045	0.028812
6046	0.028784
6047	0.028757
6048	0.028732
6049	0.035959
6050	0.032442
6051	0.031168
6052	0.030483
6053	0.030009
6054	0.029664
6055	0.029388
6056	0.029158
6057	0.028961
6058	0.028787
6059	0.028636
6060	0.028503
6061	0.028384
6062	0.028280
6063	0.028186
6064	0.028095
6065	0.028014
6066	0.027937
6067	0.027868
6068	0.027806
6069	0.027744
6070	0.027691
6071	0.027644
6072	0.027600
6073	0.027561
6074	0.027527
6075	0.027493
6076	0.027462
6077	0.027433
6078	0.027407
6079	0.027380
6080	0.027357
6081	0.037841
6082	0.034251
6083	0.032968
6084	0.032261
6085	0.031790
6086	0.031437
6087	0.031162
6088	0.030929
6089	0.030727
6090	0.030557
6091	0.030405
6092	0.030277
6093	0.030162
6094	0.030065
6095	0.029972
6096	0.029895
6097	0.029818
6098	0.029750
6099	0.029685
6100	0.029624
6101	0.029568
6102	0.029510
6103	0.029458
6104	0.029409
6105	0.029359
6106	0.029319
6107	0.029279
6108	0.029243
6109	0.029208
6110	0.029176
6111	0.029152
6112	0.029123
6113	0.041209
6114	0.037832
6115	0.036610
6116	0.035945
6117	0.035501
6118	0.035169
6119	0.034907
6120	0.034688
6121	0.034497
6122	0.034340
6123	0.034198
6124	0.034078
6125	0.033968
6126	0.033867
6127	0.033776
6128	0.033696
6129	0.033617
6130	0.033545
6131	0.033481
6132	0.033422
6133	0.033365
6134	0.033316
6135	0.033266
6136	0.033221
6137	0.033179
6138	0.033139
6139	0.033104
6140	0.033071
6141	0.033040
6142	0.033012
6143	0.032983
6144	0.032954
6145	0.044477
6146	0.041269
6147	0.040130
6148	0.039508
6149	0.039096
6150	0.038789
6151	0.038538
6152	0.038332
6153	0.038161
6154	0.038009
6155	0.037883
6156	0.037763
6157	0.037659
6158	0.037567
6159	0.037485
6160	0.037410
6161	0.037340
6162	0.037272
6163	0.037212
6164	0.037151
6165	0.037097
6166	0.037043
6167	0.037000
6168	0.036960
6169	0.036924
6170	0.036888
6171	0.036854
6172	0.036819
6173	0.036784
6174	0.036752
6175	0.036724
6176	0.036695
6177	0.046840
6178	0.043723
6179	0.042604
6180	0.041993
6181	0.041581
6182	0.041274
6183	0.041029
6184	0.040828
6185	0.040651
6186	0.040502
6187	0.040372
6188	0.040258
6189	0.040157
6190	0.040064
6191	0.039982
6192	0.039906
6193	0.039837
6194	0.039772
6195	0.039711
6196	0.039655
6197	0.039606
6198	0.039554
6199	0.039511
6200	0.039469
6201	0.039431
6202	0.039391
6203	0.039358
6204	0.039323
6205	0.039291
6206	0.039261
6207	0.039231
6208	0.039198
6209	0.048383
6210	0.045187
6211	0.044036
6212	0.043417
6213	0.042995
6214	0.042681
6215	0.042432
6216	0.042220
6217	0.042046
6218	0.041894
6219	0.041758
6220	0.041641
6221	0.041543
6222	0.041450
6223	0.041367
6224	0.041291
6225	0.041221
6226	0.041160
6227	0.041099
6228	0.041045
6229	0.040996
6230	0.040949
6231	0.040903
6232	0.040858
6233	0.040817
6234	0.040783
6235	0.040743
6236	0.040714
6237	0.040678
6238	0.040644
6239	0.040615
6240	0.040583
6241	0.048185
6242	0.044931
6243	0.043754
6244	0.043120
6245	0.042693
6246	0.042377
6247	0.042123
6248	0.041914
6249	0.041730
6250	0.041573
6251	0.041441
6252	0.041327
6253	0.041218
6254	0.041122
6255	0.041040
6256	0.040960
6257	0.040889
6258	0.040824
6259	0.040761
6260	0.040708
6261	0.040656
6262	0.040604
6263	0.040558
6264	0.040511
6265	0.040469
6266	0.040428
6267	0.040392
6268	0.040357
6269	0.040323
6270	0.040288
6271	0.040259
6272	0.040231
6273	0.046001
6274	0.042760
6275	0.041597
6276	0.040975
6277	0.040548
6278	0.040230
6279	0.039976
6280	0.039763
6281	0.039587
6282	0.039435
6283	0.039305
6284	0.039186
6285	0.039085
6286	0.038990
6287	0.038909
6288	0.038829
6289	0.038754
6290	0.038688
6291	0.038623
6292	0.038571
6293	0.038517
6294	0.038468
6295	0.038421
6296	0.038383
6297	0.038339
6298	0.038305
6299	0.038270
6300	0.038235
6301	0.038203
6302	0.038169
6303	0.038137
6304	0.038110
6305	0.042453
6306	0.039214
6307	0.038044
6308	0.037409
6309	0.036988
6310	0.036668
6311	0.036417
6312	0.036213
6313	0.036043
6314	0.035904
6315	0.035783
6316	0.035675
6317	0.035576
6318	0.035487
6319	0.035400
6320	0.035321
6321	0.035249
6322	0.035180
6323	0.035117
6324	0.035064
6325	0.035016
6326	0.034970
6327	0.034932
6328	0.034894
6329	0.034860
6330	0.034823
6331	0.034790
6332	0.034758
6333	0.034732
6334	0.034702
6335	0.034678
6336	0.034652
6337	0.038617
6338	0.035446
6339	0.034320
6340	0.033711
6341	0.033293
6342	0.032978
6343	0.032728
6344	0.032528
6345	0.032361
6346	0.032223
6347	0.032099
6348	0.031989
6349	0.031887
6350	0.031794
6351	0.031709
6352	0.031629
6353	0.031556
6354	0.031488
6355	0.031428
6356	0.031376
6357	0.031330
6358	0.031286
6359	0.031247
6360	0.031212
6361	0.031176
6362	0.031143
6363	0.031113
6364	0.031083
6365	0.031054
6366	0.031028
6367	0.031002
6368	0.030977
6369	0.035585
6370	0.032423
6371	0.031286
6372	0.030665
6373	0.030249
6374	0.029937
6375	0.029684
6376	0.029475
6377	0.029303
6378	0.029155
6379	0.029028
6380	0.028918
6381	0.028819
6382	0.028732
6383	0.028654
6384	0.028580
6385	0.028511
6386	0.028450
6387	0.028391
6388	0.028343
6389	0.028294
6390	0.028248
6391	0.028207
6392	0.028166
6393	0.028130
6394	0.028097
6395	0.028063
6396	0.028035
6397	0.028009
6398	0.027985
6399	0.027959
6400	0.027935
6401	0.034804
6402	0.031540
6403	0.030396
6404	0.029770
6405	0.029342
6406	0.029020
6407	0.028761
6408	0.028547
6409	0.028368
6410	0.028212
6411	0.028082
6412	0.027967
6413	0.027861
6414	0.027768
6415	0.027685
6416	0.027612
6417	0.027545
6418	0.027484
6419	0.027425
6420	0.027375
6421	0.027326
6422	0.027281
6423	0.027241
6424	0.027204
6425	0.027164
6426	0.027134
6427	0.027099
6428	0.027072
6429	0.027047
6430	0.027020
6431	0.026997
6432	0.026974
6433	0.036747
6434	0.033247
6435	0.032012
6436	0.031343
6437	0.030888
6438	0.030545
6439	0.030276
6440	0.030050
6441	0.029864
6442	0.029702
6443	0.029561
6444	0.029438
6445	0.029329
6446	0.029228
6447	0.029140
6448	0.029057
6449	0.028980
6450	0.028909
6451	0.028848
6452	0.028781
6453	0.028724
6454	0.028677
6455	0.028631
6456	0.028589
6457	0.028547
6458	0.028512
6459	0.028478
6460	0.028446
6461	0.028415
6462	0.028390
6463	0.028364
6464	0.028340
6465	0.038501
6466	0.034932
6467	0.033672
6468	0.033000
6469	0.032535
6470	0.032191
6471	0.031919
6472	0.031680
6473	0.031496
6474	0.031338
6475	0.031202
6476	0.031073
6477	0.030967
6478	0.030873
6479	0.030788
6480	0.030704
6481	0.030629
6482	0.030554
6483	0.030485
6484	0.030420
6485	0.030358
6486	0.030302
6487	0.030252
6488	0.030209
6489	0.030171
6490	0.030132
6491	0.030094
6492	0.030064
6493	0.030030
6494	0.030003
6495	0.029976
6496	0.029951
6497	0.039453
6498	0.036036
6499	0.034829
6500	0.034178
6501	0.033735
6502	0.033401
6503	0.033150
6504	0.032937
6505	0.032756
6506	0.032603
6507	0.032471
6508	0.032352
6509	0.032251
6510	0.032156
6511	0.032072
6512	0.031991
6513	0.031922
6514	0.031855
6515	0.031794
6516	0.031731
6517	0.031677
6518	0.031624
6519	0.031577
6520	0.031529
6521	0.031487
6522	0.031448
6523	0.031414
6524	0.031384
6525	0.031355
6526	0.031327
6527	0.031301
6528	0.031278
6529	0.039994
6530	0.036653
6531	0.035463
6532	0.034832
6533	0.034406
6534	0.034082
6535	0.033834
6536	0.033625
6537	0.033452
6538	0.033304
6539	0.033177
6540	0.033064
6541	0.032961
6542	0.032865
6543	0.032782
6544	0.032705
6545	0.032636
6546	0.032573
6547	0.032511
6548	0.032455
6549	0.032397
6550	0.032350
6551	0.032299
6552	0.032252
6553	0.032210
6554	0.032171
6555	0.032132
6556	0.032102
6557	0.032073
6558	0.032041
6559	0.032017
6560	0.031994
6561	0.039518
6562	0.036259
6563	0.035116
6564	0.034506
6565	0.034092
6566	0.033785
6567	0.033546
6568	0.033350
6569	0.033177
6570	0.033038
6571	0.032920
6572	0.032809
6573	0.032706
6574	0.032616
6575	0.032540
6576	0.032466
6577	0.032398
6578	0.032335
6579	0.032278
6580	0.032222
6581	0.032173
6582	0.032125
6583	0.032082
6584	0.032037
6585	0.031996
6586	0.031956
6587	0.031926
6588	0.031891
6589	0.031864
6590	0.031834
6591	0.031810
6592	0.031788
6593	0.038303
6594	0.035104
6595	0.033983
6596	0.033385
6597	0.032981
6598	0.032677
6599	0.032443
6600	0.032248
6601	0.032079
6602	0.031945
6603	0.031823
6604	0.031717
6605	0.031620
6606	0.031535
6607	0.031457
6608	0.031385
6609	0.031322
6610	0.031258
6611	0.031204
6612	0.031151
6613	0.031101
6614	0.031053
6615	0.031011
6616	0.030970
6617	0.030928
6618	0.030892
6619	0.030860
6620	0.030828
6621	0.030800
6622	0.030775
6623	0.030752
6624	0.030728
6625	0.038359
6626	0.034826
6627	0.033601
6628	0.032942
6629	0.032499
6630	0.032172
6631	0.031913
6632	0.031694
6633	0.031517
6634	0.031367
6635	0.031236
6636	0.031118
6637	0.031010
6638	0.030916
6639	0.030835
6640	0.030758
6641	0.030689
6642	0.030621
6643	0.030556
6644	0.030497
6645	0.030442
6646	0.030391
6647	0.030348
6648	0.030303
6649	0.030263
6650	0.030228
6651	0.030198
6652	0.030167
6653	0.030139
6654	0.030115
6655	0.030089
6656	0.030068
6657	0.038686
6658	0.034832
6659	0.033498
6660	0.032781
6661	0.032292
6662	0.031922
6663	0.031638
6664	0.031401
6665	0.031207
6666	0.031039
6667	0.030895
6668	0.030762
6669	0.030643
6670	0.030541
6671	0.030454
6672	0.030365
6673	0.030285
6674	0.030214
6675	0.030144
6676	0.030076
6677	0.030015
6678	0.029960
6679	0.029912
6680	0.029871
6681	0.029834
6682	0.029798
6683	0.029763
6684	0.029733
6685	0.029700
6686	0.029670
6687	0.029643
6688	0.029620
