1	3140.020752
2	2798.312500
3	2677.900391
4	2612.278809
5	2567.661133
6	2534.059570
7	2507.210205
8	2484.914307
9	2465.882324
10	2449.302490
11	2434.636230
12	2421.499512
13	2409.605957
14	2398.752441
15	2388.774414
16	2379.547607
17	2370.968994
18	2362.951904
19	2355.437012
20	2348.363037
21	2341.684814
22	2335.357178
23	2329.348633
24	2323.631348
25	2318.178467
26	2312.966553
27	2307.975830
28	2303.187500
29	2298.589111
30	2294.165527
31	2289.903809
32	2285.791016
33	1459.853271
34	1347.328491
35	1303.475586
36	1278.785156
37	1261.691650
38	1248.656250
39	1238.138550
40	1229.335205
41	1221.769165
42	1215.141846
43	1209.257568
44	1203.967407
45	1199.157837
46	1194.754272
47	1190.700073
48	1186.938354
49	1183.440308
50	1180.163696
51	1177.079956
52	1174.171875
53	1171.414429
54	1168.797607
55	1166.304565
56	1163.928223
57	1161.653320
58	1159.473145
59	1157.381592
60	1155.375854
61	1153.447388
62	1151.588623
63	1149.795166
64	1148.062500
65	501.086548
66	398.853638
67	367.197723
68	350.937897
69	340.057709
70	332.083740
71	325.975769
72	321.082275
73	316.918762
74	313.327209
75	310.246460
76	307.497620
77	305.014099
78	302.752686
79	300.694336
80	298.819855
81	297.116943
82	295.529602
83	294.050659
84	292.660797
85	291.352875
86	290.120972
87	288.951508
88	287.839111
89	286.778473
90	285.765350
91	284.796051
92	283.866669
93	282.974426
94	282.116364
95	281.290100
96	280.494110
97	647.975647
98	479.887390
99	435.180847
100	413.078796
101	398.768738
102	388.505890
103	380.699188
104	374.432831
105	369.287079
106	364.936371
107	361.189819
108	357.897217
109	354.965027
110	352.320190
111	349.924500
112	347.737183
113	345.731842
114	343.894562
115	342.219604
116	340.668304
117	339.228363
118	337.881866
119	336.620453
120	335.453125
121	334.354187
122	333.332520
123	332.360199
124	331.434845
125	330.556580
126	329.714966
127	328.917969
128	328.162415
129	803.032349
130	595.063538
131	529.313354
132	494.894867
133	472.070770
134	455.207550
135	441.987640
136	431.217163
137	422.150604
138	414.354980
139	407.525391
140	401.465332
141	396.033691
142	391.116577
143	386.640045
144	382.532288
145	378.744843
146	375.232544
147	371.959869
148	368.896088
149	366.019501
150	363.307587
151	360.743652
152	358.313751
153	356.006500
154	353.814667
155	351.725830
156	349.729095
157	347.817444
158	345.986389
159	344.228851
160	342.538574
161	1103.797607
162	982.732056
163	939.859863
164	916.441162
165	900.497986
166	888.495789
167	878.931091
168	870.987610
169	864.206055
170	858.301941
171	853.091003
172	848.438416
173	844.231262
174	840.397339
175	836.875549
176	833.622253
177	830.595276
178	827.769043
179	825.117920
180	822.622498
181	820.265564
182	818.033142
183	815.913757
184	813.896179
185	811.972900
186	810.133667
187	808.371704
188	806.683655
189	805.060364
190	803.499695
191	801.995117
192	800.546143
193	1494.239014
194	1375.818115
195	1329.399170
196	1303.227417
197	1285.111084
198	1271.299072
199	1260.162720
200	1250.854492
201	1242.860474
202	1235.862061
203	1229.640625
204	1224.044312
205	1218.964233
206	1214.312012
207	1210.023315
208	1206.044800
209	1202.335571
210	1198.863770
211	1195.600098
212	1192.521362
213	1189.609253
214	1186.845825
215	1184.216797
216	1181.712036
217	1179.318848
218	1177.029053
219	1174.834106
220	1172.724121
221	1170.697144
222	1168.744263
223	1166.860596
224	1165.041138
225	1526.113525
226	1404.135498
227	1356.484497
228	1329.684692
229	1311.150024
230	1297.035645
231	1285.652588
232	1276.126099
233	1267.945557
234	1260.784302
235	1254.422241
236	1248.698730
237	1243.500244
238	1238.741943
239	1234.354370
240	1230.285278
241	1226.491943
242	1222.942261
243	1219.605469
244	1216.458130
245	1213.480713
246	1210.655640
247	1207.970703
248	1205.410522
249	1202.965088
250	1200.624390
251	1198.381348
252	1196.227539
253	1194.157959
254	1192.161743
255	1190.238525
256	1188.380127
257	1187.017212
258	1093.636841
259	1056.864868
260	1036.119019
261	1021.746460
262	1010.784485
263	1001.939819
264	994.537048
265	988.179138
266	982.611816
267	977.661133
268	973.209656
269	969.164551
270	965.459900
271	962.045349
272	958.878784
273	955.926697
274	953.163025
275	950.565918
276	948.115845
277	945.798279
278	943.598816
279	941.506531
280	939.513245
281	937.608643
282	935.785217
283	934.036316
284	932.359131
285	930.744385
286	929.188904
287	927.689331
288	926.241211
289	651.971130
290	600.050720
291	579.750854
292	568.330322
293	560.428284
294	554.402466
295	549.547119
296	545.484131
297	541.994507
298	538.938843
299	536.222290
300	533.778442
301	531.559814
302	529.528381
303	527.656189
304	525.919678
305	524.301941
306	522.787048
307	521.362793
308	520.020325
309	518.750000
310	517.544312
311	516.398376
312	515.304871
313	514.260925
314	513.261047
315	512.303223
316	511.382660
317	510.498505
318	509.645966
319	508.823303
320	508.029938
321	103.774734
322	94.479652
323	90.998695
324	89.078171
325	87.757812
326	86.757057
327	85.955032
328	85.285599
329	84.712021
330	84.211128
331	83.767143
332	83.369263
333	83.008514
334	82.678329
335	82.374054
336	82.091957
337	81.829308
338	81.584114
339	81.353622
340	81.136353
341	80.930923
342	80.736076
343	80.550804
344	80.374077
345	80.205589
346	80.044319
347	79.889717
348	79.741325
349	79.598648
350	79.461227
351	79.328705
352	79.200760
353	333.403168
354	302.636261
355	291.127716
356	284.706085
357	280.286377
358	276.933105
359	274.240234
360	272.000946
361	270.085785
362	268.415466
363	266.936493
364	265.610229
365	264.408020
366	263.313110
367	262.307556
368	261.377411
369	260.515137
370	259.709198
371	258.953278
372	258.241455
373	257.568909
374	256.931854
375	256.326508
376	255.750153
377	255.200424
378	254.674896
379	254.171555
380	253.688599
381	253.224518
382	252.778076
383	252.347931
384	251.933029
385	452.312256
386	372.030121
387	348.748688
388	336.887787
389	329.094635
390	323.393616
391	318.973450
392	315.368866
393	312.347107
394	309.758514
395	307.504883
396	305.511536
397	303.736694
398	302.137543
399	300.677582
400	299.342529
401	298.116730
402	296.985596
403	295.937378
404	294.965088
405	294.060577
406	293.212952
407	292.414520
408	291.658386
409	290.944458
410	290.268158
411	289.630341
412	289.022522
413	288.441498
414	287.884491
415	287.350830
416	286.840820
417	313.951233
418	277.010193
419	266.724945
420	261.578796
421	258.272247
422	255.883484
423	254.048340
424	252.571442
425	251.357803
426	250.332581
427	249.443588
428	248.661148
429	247.962662
430	247.328064
431	246.752899
432	246.223328
433	245.732330
434	245.275635
435	244.850723
436	244.452896
437	244.078415
438	243.724854
439	243.389938
440	243.071732
441	242.770538
442	242.483932
443	242.210678
444	241.952164
445	241.704987
446	241.467972
447	241.240250
448	241.022369
449	337.738373
450	281.563293
451	263.348419
452	253.741516
453	247.416031
454	242.778381
455	239.166092
456	236.209549
457	233.712830
458	231.566696
459	229.697235
460	228.037216
461	226.543030
462	225.192886
463	223.960556
464	222.832764
465	221.789642
466	220.823105
467	219.929214
468	219.092636
469	218.305695
470	217.563202
471	216.864578
472	216.206223
473	215.580429
474	214.983521
475	214.413376
476	213.867340
477	213.345123
478	212.843674
479	212.361969
480	211.898727
481	276.221039
482	243.857346
483	232.638107
484	226.517426
485	222.386795
486	219.312119
487	216.879669
488	214.889267
489	213.218735
490	211.781998
491	210.524750
492	209.416061
493	208.424286
494	207.532257
495	206.718887
496	205.970520
497	205.277481
498	204.631882
499	204.030350
500	203.464691
501	202.932602
502	202.432343
503	201.959381
504	201.510986
505	201.083817
506	200.676285
507	200.286163
508	199.915115
509	199.560638
510	199.219330
511	198.891342
512	198.575836
513	320.112762
514	293.004822
515	283.890411
516	279.076355
517	275.866150
518	273.505829
519	271.663696
520	270.158447
521	268.889587
522	267.789185
523	266.821442
524	265.957184
525	265.186279
526	264.489258
527	263.854431
528	263.272156
529	262.733826
530	262.232178
531	261.762268
532	261.320190
533	260.905487
534	260.514679
535	260.143646
536	259.791443
537	259.456207
538	259.136169
539	258.830383
540	258.537201
541	258.255737
542	257.985229
543	257.724335
544	257.472900
545	376.483307
546	340.242950
547	328.203613
548	321.841003
549	317.543915
550	314.336853
551	311.811310
552	309.730133
553	307.980042
554	306.478973
555	305.161682
556	303.992310
557	302.945892
558	301.992554
559	301.126343
560	300.342102
561	299.620453
562	298.948181
563	298.318695
564	297.729736
565	297.176239
566	296.652008
567	296.154785
568	295.682892
569	295.235809
570	294.809052
571	294.401367
572	294.013641
573	293.641754
574	293.285767
575	292.942139
576	292.611115
577	361.528839
578	322.192780
579	309.375488
580	302.468811
581	297.817749
582	294.338531
583	291.564545
584	289.272034
585	287.318695
586	285.630005
587	284.140289
588	282.809906
589	281.604858
590	280.504333
591	279.491760
592	278.554993
593	277.683746
594	276.872009
595	276.112427
596	275.396820
597	274.722290
598	274.084290
599	273.479401
600	272.905090
601	272.358856
602	271.837891
603	271.342560
604	270.867493
605	270.411896
606	269.974030
607	269.551758
608	269.144806
609	302.212799
610	262.129578
611	248.732040
612	241.545349
613	236.706512
614	233.075668
615	230.178268
616	227.777740
617	225.736679
618	223.965988
619	222.411896
620	221.027954
621	219.778671
622	218.643570
623	217.601669
624	216.639099
625	215.745544
626	214.911575
627	214.131439
628	213.397797
629	212.705017
630	212.050598
631	211.431015
632	210.841614
633	210.282669
634	209.748383
635	209.237106
636	208.746780
637	208.276337
638	207.823624
639	207.388138
640	206.967850
641	248.834961
642	209.973999
643	196.876801
644	189.884064
645	185.181488
646	181.682922
647	178.906815
648	176.613129
649	174.664841
650	172.977966
651	171.492538
652	170.166077
653	168.973083
654	167.890411
655	166.899033
656	165.985901
657	165.139221
658	164.349792
659	163.612244
660	162.920715
661	162.271042
662	161.658646
663	161.078491
664	160.529617
665	160.008301
666	159.511581
667	159.036377
668	158.581757
669	158.146149
670	157.727722
671	157.324997
672	156.937180
673	204.286011
674	167.609756
675	155.370804
676	148.817108
677	144.426437
678	141.170593
679	138.606995
680	136.494843
681	134.713058
682	133.177490
683	131.825302
684	130.619705
685	129.533264
686	128.546143
687	127.643051
688	126.811905
689	126.043648
690	125.330307
691	124.664482
692	124.040169
693	123.453728
694	122.901321
695	122.378334
696	121.882744
697	121.411652
698	120.963120
699	120.535255
700	120.125687
701	119.733315
702	119.356895
703	118.994896
704	118.646729
705	139.427307
706	115.378204
707	107.241562
708	102.865662
709	99.916924
710	97.714661
711	95.967583
712	94.526039
713	93.305550
714	92.248238
715	91.318237
716	90.492706
717	89.748169
718	89.071930
719	88.454208
720	87.885719
721	87.360535
722	86.872192
723	86.415741
724	85.987579
725	85.585022
726	85.204643
727	84.844246
728	84.501671
729	84.175690
730	83.864792
731	83.567596
732	83.283012
733	83.010040
734	82.748055
735	82.495934
736	82.253265
737	98.312332
738	85.190125
739	80.560211
740	78.029831
741	76.314903
742	75.028587
743	74.003632
744	73.155304
745	72.432602
746	71.807114
747	71.255806
748	70.762833
749	70.317856
750	69.913315
751	69.542389
752	69.199837
753	68.882317
754	68.586693
755	68.309708
756	68.049179
757	67.804024
758	67.572212
759	67.352295
760	67.143784
761	66.945587
762	66.756561
763	66.575691
764	66.402374
765	66.235992
766	66.076088
767	65.922356
768	65.774445
769	87.845055
770	80.688774
771	78.101578
772	76.700111
773	75.750443
774	75.032463
775	74.459770
776	73.983856
777	73.576828
778	73.222351
779	72.910233
780	72.630463
781	72.376801
782	72.145241
783	71.932045
784	71.734566
785	71.550621
786	71.378632
787	71.217522
788	71.065758
789	70.922272
790	70.786285
791	70.657555
792	70.534927
793	70.418129
794	70.306374
795	70.199318
796	70.096481
797	69.997681
798	69.902580
799	69.810913
800	69.722496
801	94.549324
802	88.843651
803	86.726234
804	85.571144
805	84.787834
806	84.195160
807	83.720428
808	83.325096
809	82.987267
810	82.691971
811	82.429817
812	82.194237
813	81.980270
814	81.784386
815	81.603912
816	81.436485
817	81.280403
818	81.134315
819	80.997498
820	80.868301
821	80.746399
822	80.630745
823	80.520782
824	80.416039
825	80.315979
826	80.220161
827	80.128395
828	80.040092
829	79.955338
830	79.873520
831	79.794716
832	79.718590
833	97.358795
834	92.306175
835	90.437759
836	89.421471
837	88.730820
838	88.208908
839	87.790848
840	87.443504
841	87.146484
842	86.887260
843	86.657593
844	86.451103
845	86.263885
846	86.092728
847	85.934944
848	85.788658
849	85.652275
850	85.524841
851	85.405540
852	85.293037
853	85.186676
854	85.085754
855	84.990074
856	84.898689
857	84.811630
858	84.728134
859	84.648003
860	84.571266
861	84.497238
862	84.425941
863	84.357246
864	84.291000
865	93.007210
866	88.808090
867	87.278252
868	86.456604
869	85.902336
870	85.486053
871	85.153427
872	84.876900
873	84.640503
874	84.434196
875	84.251274
876	84.086761
877	83.937614
878	83.801140
879	83.675308
880	83.558609
881	83.449928
882	83.348175
883	83.252769
884	83.162582
885	83.077522
886	82.996826
887	82.920113
888	82.846909
889	82.777199
890	82.710526
891	82.646477
892	82.584946
893	82.525795
894	82.468895
895	82.413818
896	82.360764
897	85.207611
898	81.772629
899	80.527145
900	79.873367
901	79.433777
902	79.104317
903	78.841980
904	78.624512
905	78.438705
906	78.276566
907	78.132851
908	78.003792
909	77.887039
910	77.780334
911	77.682320
912	77.591507
913	77.506828
914	77.427536
915	77.353188
916	77.283188
917	77.216957
918	77.154144
919	77.094437
920	77.037323
921	76.982933
922	76.930771
923	76.880692
924	76.832687
925	76.786453
926	76.741859
927	76.698921
928	76.657333
929	76.764465
930	73.579872
931	72.434723
932	71.834221
933	71.432297
934	71.132408
935	70.894295
936	70.697159
937	70.528763
938	70.382164
939	70.252632
940	70.136627
941	70.031586
942	69.935806
943	69.847847
944	69.766319
945	69.690369
946	69.619354
947	69.552643
948	69.489662
949	69.430046
950	69.373581
951	69.319893
952	69.268776
953	69.220032
954	69.173264
955	69.128448
956	69.085472
957	69.044136
958	69.004257
959	68.965828
960	68.928757
961	67.045593
962	64.105232
963	63.054279
964	62.498775
965	62.131371
966	61.858315
967	61.641235
968	61.460911
969	61.307926
970	61.174664
971	61.056667
972	60.950890
973	60.855034
974	60.767262
975	60.686737
976	60.612267
977	60.542915
978	60.478077
979	60.417217
980	60.359863
981	60.305882
982	60.254730
983	60.206131
984	60.159954
985	60.115875
986	60.073757
987	60.033398
988	59.994717
989	59.957409
990	59.921539
991	59.886860
992	59.853680
993	56.243046
994	53.759777
995	52.866344
996	52.392059
997	52.072952
998	51.834515
999	51.644543
1000	51.487587
1001	51.354076
1002	51.237904
1003	51.135170
1004	51.042995
1005	50.959663
1006	50.883415
1007	50.813362
1008	50.748642
1009	50.688469
1010	50.632156
1011	50.579227
1012	50.529381
1013	50.482246
1014	50.437538
1015	50.395008
1016	50.354481
1017	50.315842
1018	50.278896
1019	50.243458
1020	50.209492
1021	50.176773
1022	50.145275
1023	50.114922
1024	50.085663
1025	47.172653
1026	44.996948
1027	44.226677
1028	43.820107
1029	43.546829
1030	43.342476
1031	43.179691
1032	43.044624
1033	42.929314
1034	42.828850
1035	42.739986
1036	42.660461
1037	42.588669
1038	42.523338
1039	42.463181
1040	42.407539
1041	42.355816
1042	42.307400
1043	42.261978
1044	42.219440
1045	42.179218
1046	42.141079
1047	42.104935
1048	42.070473
1049	42.037647
1050	42.006203
1051	41.976204
1052	41.947319
1053	41.919632
1054	41.893078
1055	41.867535
1056	41.842785
1057	42.630611
1058	40.289207
1059	39.463551
1060	39.023048
1061	38.726406
1062	38.505764
1063	38.331219
1064	38.186615
1065	38.063538
1066	37.956573
1067	37.861813
1068	37.777538
1069	37.701324
1070	37.631668
1071	37.567654
1072	37.508442
1073	37.453392
1074	37.402195
1075	37.354107
1076	37.308784
1077	37.265884
1078	37.225311
1079	37.186672
1080	37.149872
1081	37.114864
1082	37.081642
1083	37.049831
1084	37.019291
1085	36.990063
1086	36.961838
1087	36.934692
1088	36.908466
1089	42.623466
1090	39.991566
1091	39.045326
1092	38.540909
1093	38.201252
1094	37.945938
1095	37.741898
1096	37.572441
1097	37.428234
1098	37.302834
1099	37.191833
1100	37.092251
1101	37.002018
1102	36.919544
1103	36.843575
1104	36.773262
1105	36.707848
1106	36.646626
1107	36.589165
1108	36.535007
1109	36.483826
1110	36.435280
1111	36.389175
1112	36.345253
1113	36.303299
1114	36.263149
1115	36.224674
1116	36.187752
1117	36.152252
1118	36.118114
1119	36.085136
1120	36.053307
1121	41.800411
1122	39.180294
1123	38.221260
1124	37.704514
1125	37.355049
1126	37.092834
1127	36.883656
1128	36.709694
1129	36.561325
1130	36.431950
1131	36.317837
1132	36.215561
1133	36.122829
1134	36.038074
1135	35.960121
1136	35.887978
1137	35.820892
1138	35.758091
1139	35.699173
1140	35.643589
1141	35.591068
1142	35.541328
1143	35.493996
1144	35.448952
1145	35.405987
1146	35.364891
1147	35.325619
1148	35.288021
1149	35.251820
1150	35.216984
1151	35.183464
1152	35.151215
1153	39.350067
1154	37.016392
1155	36.156960
1156	35.691330
1157	35.375393
1158	35.137596
1159	34.947601
1160	34.789856
1161	34.655144
1162	34.537540
1163	34.433212
1164	34.339531
1165	34.254555
1166	34.176849
1167	34.105247
1168	34.038952
1169	33.977165
1170	33.919392
1171	33.865074
1172	33.813892
1173	33.765495
1174	33.719635
1175	33.675995
1176	33.634415
1177	33.594673
1178	33.556683
1179	33.520290
1180	33.485413
1181	33.451817
1182	33.419533
1183	33.388367
1184	33.358269
1185	35.612942
1186	33.647133
1187	32.927052
1188	32.536076
1189	32.271339
1190	32.072826
1191	31.913795
1192	31.781185
1193	31.667694
1194	31.568722
1195	31.480970
1196	31.402203
1197	31.330824
1198	31.265574
1199	31.205528
1200	31.149925
1201	31.098118
1202	31.049612
1203	31.004042
1204	30.961096
1205	30.920481
1206	30.881950
1207	30.845304
1208	30.810432
1209	30.777124
1210	30.745234
1211	30.714664
1212	30.685291
1213	30.657028
1214	30.629814
1215	30.603563
1216	30.578224
1217	32.892502
1218	31.271152
1219	30.674568
1220	30.351032
1221	30.132149
1222	29.967081
1223	29.834923
1224	29.724922
1225	29.630766
1226	29.548437
1227	29.475433
1228	29.409855
1229	29.350321
1230	29.295881
1231	29.245741
1232	29.199299
1233	29.156088
1234	29.115593
1235	29.077564
1236	29.041679
1237	29.007719
1238	28.975468
1239	28.944838
1240	28.915617
1241	28.887758
1242	28.861050
1243	28.835453
1244	28.810863
1245	28.787224
1246	28.764431
1247	28.742449
1248	28.721222
1249	31.289883
1250	29.886738
1251	29.362825
1252	29.080246
1253	28.889404
1254	28.745655
1255	28.630701
1256	28.535110
1257	28.453510
1258	28.382223
1259	28.318926
1260	28.262142
1261	28.210655
1262	28.163643
1263	28.120304
1264	28.080273
1265	28.043013
1266	28.008125
1267	27.975386
1268	27.944462
1269	27.915211
1270	27.887451
1271	27.861067
1272	27.835888
1273	27.811836
1274	27.788799
1275	27.766712
1276	27.745506
1277	27.725086
1278	27.705427
1279	27.686464
1280	27.668159
1281	30.758759
1282	29.482796
1283	29.011930
1284	28.759781
1285	28.589441
1286	28.461681
1287	28.359568
1288	28.274708
1289	28.202118
1290	28.138731
1291	28.082535
1292	28.032097
1293	27.986351
1294	27.944479
1295	27.905895
1296	27.870152
1297	27.836861
1298	27.805756
1299	27.776543
1300	27.749002
1301	27.722982
1302	27.698313
1303	27.674858
1304	27.652487
1305	27.631111
1306	27.610653
1307	27.591030
1308	27.572174
1309	27.554043
1310	27.536575
1311	27.519714
1312	27.503479
1313	30.299030
1314	29.078526
1315	28.637751
1316	28.406412
1317	28.251886
1318	28.136627
1319	28.044956
1320	27.969137
1321	27.904604
1322	27.848351
1323	27.798687
1324	27.754202
1325	27.713894
1326	27.677073
1327	27.643131
1328	27.611755
1329	27.582489
1330	27.555134
1331	27.529427
1332	27.505192
1333	27.482292
1334	27.460564
1335	27.439899
1336	27.420212
1337	27.401405
1338	27.383398
1339	27.366156
1340	27.349586
1341	27.333689
1342	27.318333
1343	27.303543
1344	27.289299
1345	30.209175
1346	29.031099
1347	28.620834
1348	28.408400
1349	28.267965
1350	28.163864
1351	28.081507
1352	28.013525
1353	27.955864
1354	27.905809
1355	27.861662
1356	27.822227
1357	27.786531
1358	27.754002
1359	27.724104
1360	27.696405
1361	27.670677
1362	27.646620
1363	27.624012
1364	27.602734
1365	27.582596
1366	27.563543
1367	27.545372
1368	27.528103
1369	27.511610
1370	27.495817
1371	27.480730
1372	27.466259
1373	27.452353
1374	27.438931
1375	27.426033
1376	27.413557
1377	31.164804
1378	29.972258
1379	29.557022
1380	29.344410
1381	29.205080
1382	29.102558
1383	29.021942
1384	28.955929
1385	28.899883
1386	28.851244
1387	28.808296
1388	28.769909
1389	28.735207
1390	28.703545
1391	28.674429
1392	28.647532
1393	28.622486
1394	28.599083
1395	28.577110
1396	28.556442
1397	28.536896
1398	28.518381
1399	28.500877
1400	28.484230
1401	28.468458
1402	28.453356
1403	28.438900
1404	28.425020
1405	28.411724
1406	28.398895
1407	28.386549
1408	28.374605
1409	32.183990
1410	30.955345
1411	30.529671
1412	30.312794
1413	30.170811
1414	30.066265
1415	29.983835
1416	29.915993
1417	29.858370
1418	29.808357
1419	29.764297
1420	29.724873
1421	29.689278
1422	29.656794
1423	29.626925
1424	29.599325
1425	29.573740
1426	29.549803
1427	29.527340
1428	29.506168
1429	29.486189
1430	29.467266
1431	29.449287
1432	29.432133
1433	29.415798
1434	29.400162
1435	29.385178
1436	29.370815
1437	29.357054
1438	29.343798
1439	29.331017
1440	29.318684
1441	32.475529
1442	31.218803
1443	30.784046
1444	30.562731
1445	30.417858
1446	30.311188
1447	30.227352
1448	30.158533
1449	30.100286
1450	30.049883
1451	30.005430
1452	29.965685
1453	29.929911
1454	29.897329
1455	29.867397
1456	29.839691
1457	29.813965
1458	29.789913
1459	29.767332
1460	29.746090
1461	29.726021
1462	29.707027
1463	29.688992
1464	29.671862
1465	29.655426
1466	29.639732
1467	29.624706
1468	29.610279
1469	29.596390
1470	29.583029
1471	29.570168
1472	29.557692
1473	31.583668
1474	30.374187
1475	29.954788
1476	29.741428
1477	29.601898
1478	29.499172
1479	29.418333
1480	29.351753
1481	29.295309
1482	29.246452
1483	29.203344
1484	29.164793
1485	29.129913
1486	29.098124
1487	29.068899
1488	29.041893
1489	29.016830
1490	28.993399
1491	28.971401
1492	28.950682
1493	28.931078
1494	28.912521
1495	28.894873
1496	28.878073
1497	28.862040
1498	28.846699
1499	28.831985
1500	28.817867
1501	28.804308
1502	28.791227
1503	28.778625
1504	28.766481
1505	29.221014
1506	28.142494
1507	27.764614
1508	27.570124
1509	27.442085
1510	27.347471
1511	27.272772
1512	27.211185
1513	27.158875
1514	27.113413
1515	27.073280
1516	27.037428
1517	27.004997
1518	26.975395
1519	26.948151
1520	26.922997
1521	26.899538
1522	26.877609
1523	26.857044
1524	26.837677
1525	26.819309
1526	26.801992
1527	26.785477
1528	26.769764
1529	26.754761
1530	26.740396
1531	26.726664
1532	26.713413
1533	26.700701
1534	26.688459
1535	26.676649
1536	26.665245
1537	25.607475
1538	24.655697
1539	24.314959
1540	24.138134
1541	24.021099
1542	23.934450
1543	23.865849
1544	23.809147
1545	23.760912
1546	23.718990
1547	23.681936
1548	23.648775
1549	23.618778
1550	23.591406
1551	23.566219
1552	23.542915
1553	23.521238
1554	23.500973
1555	23.481953
1556	23.464035
1557	23.447083
1558	23.431030
1559	23.415741
1560	23.401188
1561	23.387266
1562	23.373978
1563	23.361208
1564	23.348961
1565	23.337172
1566	23.325825
1567	23.314898
1568	23.304306
1569	20.916658
1570	20.113697
1571	19.822536
1572	19.669678
1573	19.567938
1574	19.492117
1575	19.431927
1576	19.382156
1577	19.339788
1578	19.302937
1579	19.270418
1580	19.241257
1581	19.214836
1582	19.190722
1583	19.168497
1584	19.147917
1585	19.128759
1586	19.110842
1587	19.094006
1588	19.078144
1589	19.063150
1590	19.048912
1591	19.035381
1592	19.022482
1593	19.010160
1594	18.998384
1595	18.987059
1596	18.976213
1597	18.965771
1598	18.955709
1599	18.946011
1600	18.936646
1601	15.726326
1602	15.069779
1603	14.830500
1604	14.703695
1605	14.619055
1606	14.555750
1607	14.505322
1608	14.463442
1609	14.427709
1610	14.396544
1611	14.368956
1612	14.344179
1613	14.321729
1614	14.301201
1615	14.282287
1616	14.264764
1617	14.248447
1618	14.233185
1619	14.218853
1620	14.205346
1621	14.192570
1622	14.180435
1623	14.168913
1624	14.157935
1625	14.147438
1626	14.137383
1627	14.127762
1628	14.118519
1629	14.109619
1630	14.101061
1631	14.092796
1632	14.084816
1633	11.277593
1634	10.754370
1635	10.559911
1636	10.454983
1637	10.383856
1638	10.330335
1639	10.287524
1640	10.251978
1641	10.221620
1642	10.195119
1643	10.171608
1644	10.150475
1645	10.131289
1646	10.113750
1647	10.097630
1648	10.082741
1649	10.068863
1650	10.055860
1651	10.043654
1652	10.032143
1653	10.021259
1654	10.010933
1655	10.001100
1656	9.991735
1657	9.982786
1658	9.974219
1659	9.966007
1660	9.958099
1661	9.950508
1662	9.943182
1663	9.936119
1664	9.929298
1665	9.363454
1666	8.907980
1667	8.741928
1668	8.653353
1669	8.593739
1670	8.549097
1671	8.513561
1672	8.484035
1673	8.458843
1674	8.436910
1675	8.417467
1676	8.400020
1677	8.384232
1678	8.369793
1679	8.356480
1680	8.344154
1681	8.332674
1682	8.321972
1683	8.311932
1684	8.302475
1685	8.293509
1686	8.285028
1687	8.276960
1688	8.269249
1689	8.261889
1690	8.254856
1691	8.248110
1692	8.241627
1693	8.235411
1694	8.229408
1695	8.223618
1696	8.218029
1697	11.190113
1698	10.687838
1699	10.510252
1700	10.417358
1701	10.355693
1702	10.309904
1703	10.273592
1704	10.243532
1705	10.217961
1706	10.195728
1707	10.176058
1708	10.158422
1709	10.142464
1710	10.127872
1711	10.114536
1712	10.102224
1713	10.090773
1714	10.080064
1715	10.070027
1716	10.060562
1717	10.051636
1718	10.043154
1719	10.035114
1720	10.027439
1721	10.020112
1722	10.013111
1723	10.006392
1724	9.999943
1725	9.993744
1726	9.987772
1727	9.982010
1728	9.976453
1729	14.705599
1730	14.109854
1731	13.900337
1732	13.792768
1733	13.721739
1734	13.669206
1735	13.627760
1736	13.593546
1737	13.564493
1738	13.539255
1739	13.517036
1740	13.497143
1741	13.479168
1742	13.462749
1743	13.447655
1744	13.433705
1745	13.420738
1746	13.408626
1747	13.397248
1748	13.386530
1749	13.376410
1750	13.366808
1751	13.357727
1752	13.349112
1753	13.340864
1754	13.332994
1755	13.325447
1756	13.318197
1757	13.311222
1758	13.304518
1759	13.298043
1760	13.291790
1761	18.215513
1762	17.502161
1763	17.253223
1764	17.126751
1765	17.043905
1766	16.983051
1767	16.935177
1768	16.895866
1769	16.862522
1770	16.833588
1771	16.808094
1772	16.785263
1773	16.764635
1774	16.745819
1775	16.728525
1776	16.712528
1777	16.697643
1778	16.683746
1779	16.670727
1780	16.658512
1781	16.646994
1782	16.636097
1783	16.625729
1784	16.615845
1785	16.606417
1786	16.597397
1787	16.588762
1788	16.580456
1789	16.572491
1790	16.564819
1791	16.557407
1792	16.550259
1793	20.842716
1794	20.051987
1795	19.775967
1796	19.636454
1797	19.545300
1798	19.478249
1799	19.425438
1800	19.382021
1801	19.345200
1802	19.313253
1803	19.285112
1804	19.259928
1805	19.237171
1806	19.216402
1807	19.197348
1808	19.179722
1809	19.163298
1810	19.147957
1811	19.133587
1812	19.120018
1813	19.107222
1814	19.095093
1815	19.083567
1816	19.072578
1817	19.062088
1818	19.052067
1819	19.042442
1820	19.033224
1821	19.024372
1822	19.015854
1823	19.007637
1824	18.999706
1825	22.169041
1826	21.354534
1827	21.069525
1828	20.924923
1829	20.830473
1830	20.761044
1831	20.706463
1832	20.661562
1833	20.623493
1834	20.590496
1835	20.561369
1836	20.535349
1837	20.511805
1838	20.490370
1839	20.470640
1840	20.452425
1841	20.435499
1842	20.419661
1843	20.404810
1844	20.390814
1845	20.377600
1846	20.365082
1847	20.353142
1848	20.341814
1849	20.330963
1850	20.320629
1851	20.310690
1852	20.301155
1853	20.291988
1854	20.283161
1855	20.274637
1856	20.266438
1857	22.172604
1858	21.391960
1859	21.119326
1860	20.980343
1861	20.889351
1862	20.822327
1863	20.769567
1864	20.726194
1865	20.689468
1866	20.657597
1867	20.629490
1868	20.604338
1869	20.581585
1870	20.560846
1871	20.541777
1872	20.524105
1873	20.507696
1874	20.492371
1875	20.477964
1876	20.464394
1877	20.451603
1878	20.439451
1879	20.427906
1880	20.416910
1881	20.406401
1882	20.396343
1883	20.386711
1884	20.377468
1885	20.368574
1886	20.360022
1887	20.351738
1888	20.343750
1889	21.019297
1890	20.315920
1891	20.067955
1892	19.941061
1893	19.857773
1894	19.796328
1895	19.747885
1896	19.708014
1897	19.674187
1898	19.644772
1899	19.618830
1900	19.595604
1901	19.574648
1902	19.555506
1903	19.537903
1904	19.521606
1905	19.506481
1906	19.492325
1907	19.479055
1908	19.466543
1909	19.454702
1910	19.443501
1911	19.432831
1912	19.422674
1913	19.412975
1914	19.403698
1915	19.394802
1916	19.386234
1917	19.378023
1918	19.370106
1919	19.362488
1920	19.355118
1921	18.950386
1922	18.333698
1923	18.118584
1924	18.008156
1925	17.935562
1926	17.882025
1927	17.839779
1928	17.804993
1929	17.775461
1930	17.749790
1931	17.727135
1932	17.706873
1933	17.688515
1934	17.671785
1935	17.656387
1936	17.642115
1937	17.628880
1938	17.616497
1939	17.604845
1940	17.593899
1941	17.583565
1942	17.573725
1943	17.564390
1944	17.555500
1945	17.547010
1946	17.538864
1947	17.531071
1948	17.523579
1949	17.516384
1950	17.509460
1951	17.502752
1952	17.496309
1953	16.299887
1954	15.768913
1955	15.584608
1956	15.490966
1957	15.429650
1958	15.384514
1959	15.348896
1960	15.319559
1961	15.294632
1962	15.273025
1963	15.253933
1964	15.236856
1965	15.221406
1966	15.207318
1967	15.194361
1968	15.182373
1969	15.171225
1970	15.160808
1971	15.151045
1972	15.141809
1973	15.133091
1974	15.124838
1975	15.117005
1976	15.109533
1977	15.102405
1978	15.095584
1979	15.089054
1980	15.082764
1981	15.076724
1982	15.070925
1983	15.065307
1984	15.059889
1985	13.311276
1986	12.879934
1987	12.729468
1988	12.652894
1989	12.602835
1990	12.565918
1991	12.536788
1992	12.512817
1993	12.492464
1994	12.474806
1995	12.459221
1996	12.445258
1997	12.432643
1998	12.421139
1999	12.410545
2000	12.400774
2001	12.391685
2002	12.383204
2003	12.375231
2004	12.367718
2005	12.360608
2006	12.353881
2007	12.347477
2008	12.341381
2009	12.335547
2010	12.329981
2011	12.324646
2012	12.319534
2013	12.314602
2014	12.309855
2015	12.305294
2016	12.300863
2017	10.331831
2018	9.990580
2019	9.871588
2020	9.810534
2021	9.770245
2022	9.740437
2023	9.716864
2024	9.697397
2025	9.680867
2026	9.666500
2027	9.653831
2028	9.642460
2029	9.632181
2030	9.622808
2031	9.614166
2032	9.606186
2033	9.598745
2034	9.591795
2035	9.585302
2036	9.579165
2037	9.573370
2038	9.567865
2039	9.562672
2040	9.557699
2041	9.552961
2042	9.548429
2043	9.544077
2044	9.539904
2045	9.535898
2046	9.532025
2047	9.528288
2048	9.524689
2049	8.080578
2050	7.769712
2051	7.659837
2052	7.602901
2053	7.565209
2054	7.537354
2055	7.515344
2056	7.497151
2057	7.481680
2058	7.468206
2059	7.456305
2060	7.445661
2061	7.436027
2062	7.427229
2063	7.419117
2064	7.411605
2065	7.404634
2066	7.398114
2067	7.391983
2068	7.386216
2069	7.380756
2070	7.375570
2071	7.370646
2072	7.365956
2073	7.361481
2074	7.357193
2075	7.353096
2076	7.349156
2077	7.345372
2078	7.341734
2079	7.338214
2080	7.334807
2081	6.896287
2082	6.594537
2083	6.486020
2084	6.428555
2085	6.389894
2086	6.360904
2087	6.337769
2088	6.318585
2089	6.302199
2090	6.287938
2091	6.275301
2092	6.263980
2093	6.253717
2094	6.244339
2095	6.235703
2096	6.227737
2097	6.220305
2098	6.213353
2099	6.206826
2100	6.200653
2101	6.194830
2102	6.189307
2103	6.184048
2104	6.179028
2105	6.174230
2106	6.169636
2107	6.165230
2108	6.161011
2109	6.156932
2110	6.153019
2111	6.149241
2112	6.145593
2113	7.109370
2114	6.784297
2115	6.666949
2116	6.604551
2117	6.562481
2118	6.530988
2119	6.505847
2120	6.484948
2121	6.467083
2122	6.451503
2123	6.437675
2124	6.425257
2125	6.413992
2126	6.403690
2127	6.394196
2128	6.385389
2129	6.377193
2130	6.369540
2131	6.362355
2132	6.355588
2133	6.349175
2134	6.343108
2135	6.337326
2136	6.331826
2137	6.326573
2138	6.321543
2139	6.316722
2140	6.312096
2141	6.307652
2142	6.303367
2143	6.299229
2144	6.295218
2145	8.101924
2146	7.756372
2147	7.632950
2148	7.568072
2149	7.524777
2150	7.492514
2151	7.466876
2152	7.445633
2153	7.427553
2154	7.411821
2155	7.397882
2156	7.385391
2157	7.374074
2158	7.363724
2159	7.354232
2160	7.345438
2161	7.337251
2162	7.329586
2163	7.322391
2164	7.315629
2165	7.309217
2166	7.303147
2167	7.297377
2168	7.291881
2169	7.286647
2170	7.281626
2171	7.276837
2172	7.272212
2173	7.267781
2174	7.263513
2175	7.259394
2176	7.255410
2177	9.676146
2178	9.310997
2179	9.183924
2180	9.118264
2181	9.075042
2182	9.042970
2183	9.017544
2184	8.996535
2185	8.978678
2186	8.963157
2187	8.949437
2188	8.937154
2189	8.926027
2190	8.915870
2191	8.906530
2192	8.897873
2193	8.889822
2194	8.882280
2195	8.875195
2196	8.868538
2197	8.862240
2198	8.856290
2199	8.850632
2200	8.845251
2201	8.840099
2202	8.835175
2203	8.830446
2204	8.825914
2205	8.821554
2206	8.817350
2207	8.813303
2208	8.809393
2209	11.053681
2210	10.678371
2211	10.546612
2212	10.479354
2213	10.435223
2214	10.402712
2215	10.377115
2216	10.356035
2217	10.338156
2218	10.322655
2219	10.308992
2220	10.296794
2221	10.285753
2222	10.275702
2223	10.266457
2224	10.257903
2225	10.249947
2226	10.242504
2227	10.235533
2228	10.228954
2229	10.222738
2230	10.216838
2231	10.211259
2232	10.205931
2233	10.200842
2234	10.195980
2235	10.191307
2236	10.186832
2237	10.182530
2238	10.178373
2239	10.174383
2240	10.170517
2241	12.084409
2242	11.700346
2243	11.567858
2244	11.501342
2245	11.458105
2246	11.426320
2247	11.401310
2248	11.380767
2249	11.363322
2250	11.348192
2251	11.334842
2252	11.322920
2253	11.312134
2254	11.302293
2255	11.293249
2256	11.284885
2257	11.277107
2258	11.269825
2259	11.262991
2260	11.256561
2261	11.250496
2262	11.244738
2263	11.239267
2264	11.234043
2265	11.229055
2266	11.224283
2267	11.219728
2268	11.215330
2269	11.211119
2270	11.207060
2271	11.203144
2272	11.199349
2273	12.810173
2274	12.415836
2275	12.280294
2276	12.212200
2277	12.168056
2278	12.135746
2279	12.110359
2280	12.089518
2281	12.071857
2282	12.056582
2283	12.043121
2284	12.031084
2285	12.020220
2286	12.010298
2287	12.001196
2288	11.992792
2289	11.984945
2290	11.977644
2291	11.970786
2292	11.964346
2293	11.958250
2294	11.952461
2295	11.946965
2296	11.941750
2297	11.936741
2298	11.931963
2299	11.927376
2300	11.922994
2301	11.918754
2302	11.914698
2303	11.910766
2304	11.906968
2305	13.158136
2306	12.755566
2307	12.616739
2308	12.547375
2309	12.502293
2310	12.469277
2311	12.443354
2312	12.422062
2313	12.404043
2314	12.388433
2315	12.374689
2316	12.362402
2317	12.351322
2318	12.341234
2319	12.331942
2320	12.323381
2321	12.315399
2322	12.307968
2323	12.300990
2324	12.294414
2325	12.288208
2326	12.282326
2327	12.276727
2328	12.271397
2329	12.266304
2330	12.261444
2331	12.256790
2332	12.252314
2333	12.248006
2334	12.243849
2335	12.239847
2336	12.235977
2337	13.049928
2338	12.635580
2339	12.494907
2340	12.424304
2341	12.378439
2342	12.344854
2343	12.318510
2344	12.296867
2345	12.278583
2346	12.262730
2347	12.248775
2348	12.236279
2349	12.225012
2350	12.214748
2351	12.205326
2352	12.196592
2353	12.188476
2354	12.180903
2355	12.173801
2356	12.167120
2357	12.160781
2358	12.154789
2359	12.149107
2360	12.143673
2361	12.138498
2362	12.133552
2363	12.128796
2364	12.124247
2365	12.119858
2366	12.115646
2367	12.111567
2368	12.107641
2369	12.396885
2370	11.985616
2371	11.844842
2372	11.774337
2373	11.728821
2374	11.695531
2375	11.669408
2376	11.648001
2377	11.629854
2378	11.614162
2379	11.600321
2380	11.587953
2381	11.576790
2382	11.566619
2383	11.557245
2384	11.548635
2385	11.540609
2386	11.533115
2387	11.526087
2388	11.519461
2389	11.513206
2390	11.507294
2391	11.501684
2392	11.496332
2393	11.491220
2394	11.486344
2395	11.481655
2396	11.477173
2397	11.472834
2398	11.468691
2399	11.464681
2400	11.460799
2401	11.176491
2402	10.789302
2403	10.657156
2404	10.590886
2405	10.548228
2406	10.517044
2407	10.492625
2408	10.472557
2409	10.455575
2410	10.440844
2411	10.427883
2412	10.416298
2413	10.405822
2414	10.396278
2415	10.387523
2416	10.379444
2417	10.371903
2418	10.364859
2419	10.358274
2420	10.352066
2421	10.346201
2422	10.340641
2423	10.335346
2424	10.330301
2425	10.325511
2426	10.320904
2427	10.316511
2428	10.312277
2429	10.308220
2430	10.304292
2431	10.300516
2432	10.296864
2433	9.449381
2434	9.119674
2435	9.006194
2436	8.948950
2437	8.911568
2438	8.884119
2439	8.862520
2440	8.844792
2441	8.829758
2442	8.816730
2443	8.805220
2444	8.794960
2445	8.785660
2446	8.777187
2447	8.769413
2448	8.762208
2449	8.755537
2450	8.749287
2451	8.743432
2452	8.737933
2453	8.732718
2454	8.727793
2455	8.723104
2456	8.718636
2457	8.714369
2458	8.710294
2459	8.706395
2460	8.702646
2461	8.699052
2462	8.695579
2463	8.692240
2464	8.689000
2465	7.329438
2466	7.073843
2467	6.985431
2468	6.940349
2469	6.910810
2470	6.889029
2471	6.871826
2472	6.857653
2473	6.845623
2474	6.835181
2475	6.825948
2476	6.817689
2477	6.810221
2478	6.803415
2479	6.797152
2480	6.791364
2481	6.785977
2482	6.780926
2483	6.776191
2484	6.771736
2485	6.767520
2486	6.763526
2487	6.759727
2488	6.756114
2489	6.752651
2490	6.749356
2491	6.746175
2492	6.743125
2493	6.740195
2494	6.737375
2495	6.734649
2496	6.732017
2497	5.030861
2498	4.854677
2499	4.792833
2500	4.760873
2501	4.739714
2502	4.724029
2503	4.711596
2504	4.701358
2505	4.692636
2506	4.685049
2507	4.678337
2508	4.672337
2509	4.666897
2510	4.661935
2511	4.657368
2512	4.653128
2513	4.649189
2514	4.645505
2515	4.642046
2516	4.638779
2517	4.635702
2518	4.632778
2519	4.629995
2520	4.627347
2521	4.624815
2522	4.622382
2523	4.620057
2524	4.617826
2525	4.615682
2526	4.613627
2527	4.611632
2528	4.609707
2529	2.993388
2530	2.876477
2531	2.833769
2532	2.811186
2533	2.796098
2534	2.784815
2535	2.775834
2536	2.768390
2537	2.762023
2538	2.756486
2539	2.751577
2540	2.747176
2541	2.743181
2542	2.739552
2543	2.736212
2544	2.733119
2545	2.730237
2546	2.727538
2547	2.725008
2548	2.722622
2549	2.720363
2550	2.718221
2551	2.716190
2552	2.714252
2553	2.712404
2554	2.710626
2555	2.708926
2556	2.707296
2557	2.705734
2558	2.704226
2559	2.702764
2560	2.701347
2561	2.425528
2562	2.319705
2563	2.281418
2564	2.261007
2565	2.247288
2566	2.237001
2567	2.228793
2568	2.222007
2569	2.216213
2570	2.211160
2571	2.206684
2572	2.202682
2573	2.199052
2574	2.195727
2575	2.192665
2576	2.189831
2577	2.187193
2578	2.184718
2579	2.182401
2580	2.180211
2581	2.178139
2582	2.176175
2583	2.174305
2584	2.172527
2585	2.170833
2586	2.169202
2587	2.167637
2588	2.166138
2589	2.164696
2590	2.163305
2591	2.161968
2592	2.160676
2593	3.733765
2594	3.594587
2595	3.545072
2596	3.519741
2597	3.503027
2598	3.490613
2599	3.480778
2600	3.472668
2601	3.465778
2602	3.459798
2603	3.454522
2604	3.449795
2605	3.445518
2606	3.441604
2607	3.438010
2608	3.434686
2609	3.431586
2610	3.428700
2611	3.425986
2612	3.423435
2613	3.421020
2614	3.418735
2615	3.416560
2616	3.414490
2617	3.412514
2618	3.410620
2619	3.408805
2620	3.407070
2621	3.405395
2622	3.403782
2623	3.402226
2624	3.400720
2625	5.540185
2626	5.347041
2627	5.280132
2628	5.246199
2629	5.223966
2630	5.207597
2631	5.194700
2632	5.184077
2633	5.175086
2634	5.167286
2635	5.160402
2636	5.154259
2637	5.148708
2638	5.143644
2639	5.138989
2640	5.134683
2641	5.130688
2642	5.126944
2643	5.123426
2644	5.120122
2645	5.116998
2646	5.114035
2647	5.111218
2648	5.108539
2649	5.105975
2650	5.103519
2651	5.101176
2652	5.098924
2653	5.096753
2654	5.094663
2655	5.092661
2656	5.090713
2657	7.071383
2658	6.833652
2659	6.751939
2660	6.710624
2661	6.683661
2662	6.663873
2663	6.648327
2664	6.635546
2665	6.624712
2666	6.615308
2667	6.607031
2668	6.599622
2669	6.592932
2670	6.586824
2671	6.581214
2672	6.576028
2673	6.571222
2674	6.566710
2675	6.562487
2676	6.558510
2677	6.554750
2678	6.551188
2679	6.547809
2680	6.544586
2681	6.541516
2682	6.538565
2683	6.535734
2684	6.533023
2685	6.530427
2686	6.527918
2687	6.525491
2688	6.523167
2689	8.200503
2690	7.932982
2691	7.841228
2692	7.795158
2693	7.765373
2694	7.743598
2695	7.726492
2696	7.712452
2697	7.700548
2698	7.690241
2699	7.681165
2700	7.673055
2701	7.665727
2702	7.659034
2703	7.652886
2704	7.647201
2705	7.641926
2706	7.636992
2707	7.632366
2708	7.628003
2709	7.623894
2710	7.619996
2711	7.616303
2712	7.612772
2713	7.609397
2714	7.606185
2715	7.603096
2716	7.600138
2717	7.597294
2718	7.594554
2719	7.591908
2720	7.589347
2721	8.901693
2722	8.616812
2723	8.519577
2724	8.471086
2725	8.439657
2726	8.416620
2727	8.398581
2728	8.383791
2729	8.371269
2730	8.360445
2731	8.350885
2732	8.342360
2733	8.334641
2734	8.327605
2735	8.321154
2736	8.315196
2737	8.309640
2738	8.304457
2739	8.299604
2740	8.295025
2741	8.290697
2742	8.286598
2743	8.282712
2744	8.279009
2745	8.275464
2746	8.272086
2747	8.268848
2748	8.265738
2749	8.262741
2750	8.259867
2751	8.257088
2752	8.254408
2753	9.178757
2754	8.890232
2755	8.792203
2756	8.742997
2757	8.710993
2758	8.687592
2759	8.669241
2760	8.654167
2761	8.641401
2762	8.630352
2763	8.620596
2764	8.611880
2765	8.603998
2766	8.596813
2767	8.590227
2768	8.584112
2769	8.578447
2770	8.573142
2771	8.568167
2772	8.563483
2773	8.559050
2774	8.554861
2775	8.550873
2776	8.547066
2777	8.543444
2778	8.539972
2779	8.536642
2780	8.533443
2781	8.530373
2782	8.527420
2783	8.524570
2784	8.521826
2785	9.011951
2786	8.735386
2787	8.639909
2788	8.591838
2789	8.560557
2790	8.537576
2791	8.519512
2792	8.504684
2793	8.492096
2794	8.481190
2795	8.471590
2796	8.462992
2797	8.455222
2798	8.448130
2799	8.441610
2800	8.435603
2801	8.429995
2802	8.424762
2803	8.419843
2804	8.415210
2805	8.410835
2806	8.406685
2807	8.402750
2808	8.398996
2809	8.395407
2810	8.391960
2811	8.388680
2812	8.385521
2813	8.382488
2814	8.379562
2815	8.376751
2816	8.374025
2817	8.429142
2818	8.171964
2819	8.082060
2820	8.036629
2821	8.007070
2822	7.985395
2823	7.968348
2824	7.954349
2825	7.942490
2826	7.932203
2827	7.923143
2828	7.915054
2829	7.907722
2830	7.901055
2831	7.894925
2832	7.889262
2833	7.883991
2834	7.879071
2835	7.874451
2836	7.870101
2837	7.865987
2838	7.862091
2839	7.858387
2840	7.854872
2841	7.851498
2842	7.848279
2843	7.845193
2844	7.842227
2845	7.839383
2846	7.836644
2847	7.833996
2848	7.831437
2849	7.476664
2850	7.245509
2851	7.164932
2852	7.124526
2853	7.098261
2854	7.078964
2855	7.063787
2856	7.051332
2857	7.040778
2858	7.031627
2859	7.023559
2860	7.016356
2861	7.009844
2862	7.003906
2863	6.998451
2864	6.993415
2865	6.988737
2866	6.984353
2867	6.980247
2868	6.976377
2869	6.972732
2870	6.969260
2871	6.965981
2872	6.962842
2873	6.959847
2874	6.956978
2875	6.954239
2876	6.951600
2877	6.949067
2878	6.946621
2879	6.944260
2880	6.941987
2881	6.237875
2882	6.043659
2883	5.976988
2884	5.943444
2885	5.921584
2886	5.905529
2887	5.892914
2888	5.882537
2889	5.873747
2890	5.866114
2891	5.859395
2892	5.853394
2893	5.847968
2894	5.843010
2895	5.838466
2896	5.834249
2897	5.830332
2898	5.826675
2899	5.823243
2900	5.820011
2901	5.816954
2902	5.814062
2903	5.811307
2904	5.808686
2905	5.806188
2906	5.803802
2907	5.801507
2908	5.799292
2909	5.797178
2910	5.795137
2911	5.793172
2912	5.791272
2913	4.830744
2914	4.679401
2915	4.627870
2916	4.601797
2917	4.584783
2918	4.572278
2919	4.562454
2920	4.554371
2921	4.547513
2922	4.541568
2923	4.536325
2924	4.531640
2925	4.527408
2926	4.523544
2927	4.519997
2928	4.516721
2929	4.513672
2930	4.510824
2931	4.508149
2932	4.505631
2933	4.503242
2934	4.500990
2935	4.498849
2936	4.496807
2937	4.494858
2938	4.493001
2939	4.491215
2940	4.489496
2941	4.487839
2942	4.486252
2943	4.484711
2944	4.483231
2945	3.441680
2946	3.330506
2947	3.292015
2948	3.272559
2949	3.259876
2950	3.250546
2951	3.243207
2952	3.237173
2953	3.232053
2954	3.227616
2955	3.223706
2956	3.220200
2957	3.217035
2958	3.214150
2959	3.211493
2960	3.209038
2961	3.206759
2962	3.204628
2963	3.202623
2964	3.200736
2965	3.198956
2966	3.197274
2967	3.195667
2968	3.194141
2969	3.192680
2970	3.191287
2971	3.189953
2972	3.188672
2973	3.187442
2974	3.186251
2975	3.185103
2976	3.183993
2977	2.201492
2978	2.119599
2979	2.091271
2980	2.076871
2981	2.067435
2982	2.060488
2983	2.055005
2984	2.050489
2985	2.046655
2986	2.043326
2987	2.040397
2988	2.037769
2989	2.035387
2990	2.033218
2991	2.031226
2992	2.029386
2993	2.027674
2994	2.026067
2995	2.024571
2996	2.023155
2997	2.021818
2998	2.020552
2999	2.019350
3000	2.018201
3001	2.017106
3002	2.016053
3003	2.015048
3004	2.014086
3005	2.013157
3006	2.012266
3007	2.011403
3008	2.010567
3009	1.851375
3010	1.774070
3011	1.746225
3012	1.731620
3013	1.721855
3014	1.714576
3015	1.708775
3016	1.703971
3017	1.699869
3018	1.696298
3019	1.693139
3020	1.690314
3021	1.687748
3022	1.685416
3023	1.683257
3024	1.681257
3025	1.679399
3026	1.677658
3027	1.676028
3028	1.674484
3029	1.673026
3030	1.671645
3031	1.670332
3032	1.669081
3033	1.667880
3034	1.666742
3035	1.665644
3036	1.664593
3037	1.663574
3038	1.662600
3039	1.661656
3040	1.660748
3041	2.727429
3042	2.626491
3043	2.590325
3044	2.571579
3045	2.559185
3046	2.550007
3047	2.542752
3048	2.536764
3049	2.531678
3050	2.527253
3051	2.523333
3052	2.519837
3053	2.516668
3054	2.513770
3055	2.511104
3056	2.508630
3057	2.506345
3058	2.504208
3059	2.502187
3060	2.500279
3061	2.498485
3062	2.496774
3063	2.495156
3064	2.493613
3065	2.492141
3066	2.490731
3067	2.489373
3068	2.488079
3069	2.486835
3070	2.485633
3071	2.484479
3072	2.483360
3073	3.859521
3074	3.729140
3075	3.683018
3076	3.659460
3077	3.644034
3078	3.632665
3079	3.623698
3080	3.616325
3081	3.610063
3082	3.604633
3083	3.599834
3084	3.595549
3085	3.591679
3086	3.588139
3087	3.584892
3088	3.581884
3089	3.579086
3090	3.576475
3091	3.574018
3092	3.571701
3093	3.569522
3094	3.567446
3095	3.565475
3096	3.563601
3097	3.561821
3098	3.560106
3099	3.558461
3100	3.556887
3101	3.555371
3102	3.553914
3103	3.552511
3104	3.551157
3105	4.830221
3106	4.672041
3107	4.617814
3108	4.590477
3109	4.572614
3110	4.559454
3111	4.549099
3112	4.540581
3113	4.533352
3114	4.527081
3115	4.521558
3116	4.516609
3117	4.512148
3118	4.508070
3119	4.504319
3120	4.500855
3121	4.497647
3122	4.494635
3123	4.491814
3124	4.489151
3125	4.486645
3126	4.484264
3127	4.482008
3128	4.479841
3129	4.477786
3130	4.475815
3131	4.473927
3132	4.472119
3133	4.470383
3134	4.468709
3135	4.467086
3136	4.465527
3137	5.551982
3138	5.375586
3139	5.315600
3140	5.285445
3141	5.265861
3142	5.251492
3143	5.240211
3144	5.230944
3145	5.223092
3146	5.216284
3147	5.210298
3148	5.204951
3149	5.200119
3150	5.195711
3151	5.191658
3152	5.187909
3153	5.184433
3154	5.181191
3155	5.178146
3156	5.175280
3157	5.172568
3158	5.169994
3159	5.167542
3160	5.165222
3161	5.162992
3162	5.160861
3163	5.158830
3164	5.156866
3165	5.154982
3166	5.153174
3167	5.151432
3168	5.149751
3169	6.030517
3170	5.841230
3171	5.776745
3172	5.744645
3173	5.723867
3174	5.708694
3175	5.696805
3176	5.687074
3177	5.678842
3178	5.671722
3179	5.665446
3180	5.659849
3181	5.654794
3182	5.650177
3183	5.645948
3184	5.642047
3185	5.638408
3186	5.635016
3187	5.631836
3188	5.628835
3189	5.626002
3190	5.623322
3191	5.620781
3192	5.618346
3193	5.616036
3194	5.613821
3195	5.611694
3196	5.609651
3197	5.607693
3198	5.605801
3199	5.603994
3200	5.602235
3201	6.254756
3202	6.056942
3203	5.990892
3204	5.958101
3205	5.936894
3206	5.921409
3207	5.909284
3208	5.899355
3209	5.890936
3210	5.883677
3211	5.877281
3212	5.871565
3213	5.866412
3214	5.861717
3215	5.857396
3216	5.853404
3217	5.849695
3218	5.846228
3219	5.842974
3220	5.839917
3221	5.837035
3222	5.834291
3223	5.831687
3224	5.829214
3225	5.826845
3226	5.824588
3227	5.822421
3228	5.820340
3229	5.818345
3230	5.816424
3231	5.814573
3232	5.812773
3233	6.211843
3234	6.016133
3235	5.949771
3236	5.916718
3237	5.895359
3238	5.879779
3239	5.867606
3240	5.857627
3241	5.849203
3242	5.841908
3243	5.835500
3244	5.829766
3245	5.824585
3246	5.819880
3247	5.815553
3248	5.811544
3249	5.807839
3250	5.804363
3251	5.801109
3252	5.798042
3253	5.795154
3254	5.792398
3255	5.789814
3256	5.787331
3257	5.784957
3258	5.782695
3259	5.780529
3260	5.778445
3261	5.776443
3262	5.774518
3263	5.772661
3264	5.770864
3265	5.899712
3266	5.710142
3267	5.646183
3268	5.614323
3269	5.593752
3270	5.578732
3271	5.566977
3272	5.557337
3273	5.549192
3274	5.542148
3275	5.535946
3276	5.530404
3277	5.525410
3278	5.520854
3279	5.516675
3280	5.512814
3281	5.509220
3282	5.505866
3283	5.502719
3284	5.499756
3285	5.496966
3286	5.494311
3287	5.491793
3288	5.489388
3289	5.487098
3290	5.484910
3291	5.482814
3292	5.480808
3293	5.478874
3294	5.477012
3295	5.475210
3296	5.473483
3297	5.332730
3298	5.157494
3299	5.098349
3300	5.068950
3301	5.049967
3302	5.036130
3303	5.025295
3304	5.016409
3305	5.008901
3306	5.002402
3307	4.996680
3308	4.991568
3309	4.986945
3310	4.982745
3311	4.978895
3312	4.975336
3313	4.972027
3314	4.968933
3315	4.966042
3316	4.963315
3317	4.960735
3318	4.958283
3319	4.955966
3320	4.953756
3321	4.951650
3322	4.949627
3323	4.947696
3324	4.945840
3325	4.944063
3326	4.942336
3327	4.940683
3328	4.939090
3329	4.542110
3330	4.390795
3331	4.339762
3332	4.314245
3333	4.297766
3334	4.285728
3335	4.276303
3336	4.268595
3337	4.262069
3338	4.256429
3339	4.251457
3340	4.247036
3341	4.243034
3342	4.239392
3343	4.236044
3344	4.232948
3345	4.230067
3346	4.227383
3347	4.224859
3348	4.222496
3349	4.220251
3350	4.218126
3351	4.216106
3352	4.214186
3353	4.212359
3354	4.210602
3355	4.208927
3356	4.207314
3357	4.205760
3358	4.204269
3359	4.202829
3360	4.201436
3361	3.578488
3362	3.458351
3363	3.417575
3364	3.397262
3365	3.384155
3366	3.374577
3367	3.367077
3368	3.360922
3369	3.355715
3370	3.351212
3371	3.347239
3372	3.343708
3373	3.340510
3374	3.337595
3375	3.334922
3376	3.332450
3377	3.330148
3378	3.328018
3379	3.326004
3380	3.324105
3381	3.322308
3382	3.320606
3383	3.319000
3384	3.317466
3385	3.315996
3386	3.314595
3387	3.313247
3388	3.311967
3389	3.310730
3390	3.309526
3391	3.308378
3392	3.307265
3393	2.535701
3394	2.449918
3395	2.420731
3396	2.406182
3397	2.396779
3398	2.389908
3399	2.384524
3400	2.380100
3401	2.376358
3402	2.373110
3403	2.370264
3404	2.367718
3405	2.365424
3406	2.363334
3407	2.361412
3408	2.359635
3409	2.357984
3410	2.356444
3411	2.354995
3412	2.353624
3413	2.352332
3414	2.351113
3415	2.349953
3416	2.348840
3417	2.347787
3418	2.346777
3419	2.345810
3420	2.344892
3421	2.343997
3422	2.343148
3423	2.342319
3424	2.341527
3425	1.528629
3426	1.474542
3427	1.455978
3428	1.446651
3429	1.440589
3430	1.436143
3431	1.432649
3432	1.429781
3433	1.427351
3434	1.425242
3435	1.423383
3436	1.421721
3437	1.420226
3438	1.418862
3439	1.417606
3440	1.416443
3441	1.415366
3442	1.414357
3443	1.413413
3444	1.412526
3445	1.411684
3446	1.410889
3447	1.410128
3448	1.409407
3449	1.408718
3450	1.408063
3451	1.407430
3452	1.406824
3453	1.406243
3454	1.405681
3455	1.405147
3456	1.404622
3457	0.942170
3458	0.905480
3459	0.892658
3460	0.886035
3461	0.881647
3462	0.878387
3463	0.875814
3464	0.873683
3465	0.871880
3466	0.870306
3467	0.868918
3468	0.867677
3469	0.866553
3470	0.865528
3471	0.864590
3472	0.863717
3473	0.862906
3474	0.862143
3475	0.861435
3476	0.860768
3477	0.860140
3478	0.859544
3479	0.858976
3480	0.858439
3481	0.857918
3482	0.857421
3483	0.856944
3484	0.856490
3485	0.856048
3486	0.855631
3487	0.855222
3488	0.854827
3489	1.530806
3490	1.478505
3491	1.460567
3492	1.451514
3493	1.445622
3494	1.441302
3495	1.437900
3496	1.435105
3497	1.432736
3498	1.430680
3499	1.428864
3500	1.427247
3501	1.425778
3502	1.424445
3503	1.423224
3504	1.422092
3505	1.421035
3506	1.420043
3507	1.419124
3508	1.418257
3509	1.417439
3510	1.416665
3511	1.415929
3512	1.415231
3513	1.414569
3514	1.413936
3515	1.413329
3516	1.412744
3517	1.412184
3518	1.411639
3519	1.411114
3520	1.410609
3521	2.412781
3522	2.335226
3523	2.308710
3524	2.295430
3525	2.286823
3526	2.280506
3527	2.275560
3528	2.271501
3529	2.268071
3530	2.265098
3531	2.262480
3532	2.260145
3533	2.258030
3534	2.256105
3535	2.254340
3536	2.252708
3537	2.251190
3538	2.249763
3539	2.248434
3540	2.247180
3541	2.246004
3542	2.244888
3543	2.243827
3544	2.242811
3545	2.241849
3546	2.240926
3547	2.240041
3548	2.239198
3549	2.238379
3550	2.237595
3551	2.236834
3552	2.236099
3553	3.200695
3554	3.099111
3555	3.064580
3556	3.047353
3557	3.036187
3558	3.028041
3559	3.021648
3560	3.016415
3561	3.011980
3562	3.008137
3563	3.004765
3564	3.001759
3565	2.999039
3566	2.996557
3567	2.994275
3568	2.992177
3569	2.990222
3570	2.988389
3571	2.986674
3572	2.985063
3573	2.983547
3574	2.982094
3575	2.980723
3576	2.979408
3577	2.978158
3578	2.976960
3579	2.975815
3580	2.974713
3581	2.973661
3582	2.972646
3583	2.971660
3584	2.970716
3585	3.813774
3586	3.693661
3587	3.653114
3588	3.632770
3589	3.619594
3590	3.609964
3591	3.602407
3592	3.596210
3593	3.590973
3594	3.586437
3595	3.582433
3596	3.578864
3597	3.575638
3598	3.572709
3599	3.570001
3600	3.567510
3601	3.565186
3602	3.563026
3603	3.560997
3604	3.559083
3605	3.557277
3606	3.555572
3607	3.553944
3608	3.552399
3609	3.550921
3610	3.549513
3611	3.548153
3612	3.546849
3613	3.545599
3614	3.544384
3615	3.543225
3616	3.542103
3617	4.221412
3618	4.090532
3619	4.046209
3620	4.023973
3621	4.009556
3622	3.999005
3623	3.990729
3624	3.983932
3625	3.978185
3626	3.973213
3627	3.968826
3628	3.964912
3629	3.961368
3630	3.958145
3631	3.955181
3632	3.952439
3633	3.949903
3634	3.947522
3635	3.945291
3636	3.943189
3637	3.941207
3638	3.939328
3639	3.937543
3640	3.935848
3641	3.934215
3642	3.932671
3643	3.931180
3644	3.929758
3645	3.928388
3646	3.927071
3647	3.925797
3648	3.924563
3649	4.408745
3650	4.272499
3651	4.226572
3652	4.203539
3653	4.188567
3654	4.177591
3655	4.168983
3656	4.161909
3657	4.155919
3658	4.150740
3659	4.146171
3660	4.142076
3661	4.138382
3662	4.135017
3663	4.131924
3664	4.129062
3665	4.126403
3666	4.123924
3667	4.121599
3668	4.119394
3669	4.117320
3670	4.115355
3671	4.113494
3672	4.111713
3673	4.110008
3674	4.108380
3675	4.106825
3676	4.105338
3677	4.103899
3678	4.102521
3679	4.101186
3680	4.099900
3681	4.368292
3682	4.233812
3683	4.188127
3684	4.165273
3685	4.150399
3686	4.139496
3687	4.130934
3688	4.123908
3689	4.117945
3690	4.112789
3691	4.108242
3692	4.104176
3693	4.100500
3694	4.097153
3695	4.094069
3696	4.091234
3697	4.088585
3698	4.086117
3699	4.083794
3700	4.081603
3701	4.079534
3702	4.077584
3703	4.075727
3704	4.073955
3705	4.072267
3706	4.070653
3707	4.069103
3708	4.067614
3709	4.066183
3710	4.064802
3711	4.063473
3712	4.062192
3713	4.115250
3714	3.989604
3715	3.946526
3716	3.924962
3717	3.910951
3718	3.900680
3719	3.892602
3720	3.885975
3721	3.880366
3722	3.875498
3723	3.871203
3724	3.867371
3725	3.863905
3726	3.860741
3727	3.857849
3728	3.855160
3729	3.852669
3730	3.850338
3731	3.848144
3732	3.846076
3733	3.844139
3734	3.842298
3735	3.840544
3736	3.838872
3737	3.837276
3738	3.835750
3739	3.834285
3740	3.832883
3741	3.831542
3742	3.830242
3743	3.828988
3744	3.827769
3745	3.677538
3746	3.566341
3747	3.528252
3748	3.509184
3749	3.496774
3750	3.487661
3751	3.480499
3752	3.474613
3753	3.469629
3754	3.465306
3755	3.461491
3756	3.458082
3757	3.454997
3758	3.452185
3759	3.449610
3760	3.447219
3761	3.444995
3762	3.442922
3763	3.440973
3764	3.439140
3765	3.437410
3766	3.435772
3767	3.434219
3768	3.432725
3769	3.431303
3770	3.429949
3771	3.428643
3772	3.427395
3773	3.426196
3774	3.425044
3775	3.423930
3776	3.422855
3777	3.102795
3778	3.009453
3779	2.977617
3780	2.961649
3781	2.951254
3782	2.943629
3783	2.937627
3784	2.932695
3785	2.928511
3786	2.924889
3787	2.921695
3788	2.918845
3789	2.916263
3790	2.913910
3791	2.911753
3792	2.909751
3793	2.907891
3794	2.906158
3795	2.904530
3796	2.902993
3797	2.901540
3798	2.900168
3799	2.898863
3800	2.897627
3801	2.896443
3802	2.895311
3803	2.894216
3804	2.893176
3805	2.892169
3806	2.891204
3807	2.890263
3808	2.889365
3809	2.430996
3810	2.356304
3811	2.330825
3812	2.318155
3813	2.309960
3814	2.303971
3815	2.299268
3816	2.295409
3817	2.292147
3818	2.289312
3819	2.286820
3820	2.284589
3821	2.282578
3822	2.280744
3823	2.279061
3824	2.277504
3825	2.276059
3826	2.274704
3827	2.273437
3828	2.272234
3829	2.271109
3830	2.270033
3831	2.269011
3832	2.268042
3833	2.267120
3834	2.266232
3835	2.265388
3836	2.264575
3837	2.263797
3838	2.263052
3839	2.262327
3840	2.261634
3841	1.725311
3842	1.671201
3843	1.652950
3844	1.643902
3845	1.638063
3846	1.633801
3847	1.630459
3848	1.627711
3849	1.625384
3850	1.623369
3851	1.621598
3852	1.620016
3853	1.618591
3854	1.617290
3855	1.616103
3856	1.615003
3857	1.613969
3858	1.613011
3859	1.612115
3860	1.611268
3861	1.610472
3862	1.609717
3863	1.609000
3864	1.608310
3865	1.607654
3866	1.607027
3867	1.606433
3868	1.605860
3869	1.605307
3870	1.604780
3871	1.604272
3872	1.603782
3873	1.044543
3874	1.011650
3875	1.000404
3876	0.994757
3877	0.991102
3878	0.988432
3879	0.986330
3880	0.984607
3881	0.983153
3882	0.981886
3883	0.980774
3884	0.979782
3885	0.978890
3886	0.978072
3887	0.977324
3888	0.976629
3889	0.975986
3890	0.975389
3891	0.974820
3892	0.974289
3893	0.973788
3894	0.973312
3895	0.972862
3896	0.972429
3897	0.972014
3898	0.971618
3899	0.971241
3900	0.970875
3901	0.970527
3902	0.970188
3903	0.969868
3904	0.969554
3905	0.588891
3906	0.568842
3907	0.561743
3908	0.558045
3909	0.555588
3910	0.553764
3911	0.552323
3912	0.551126
3913	0.550112
3914	0.549224
3915	0.548446
3916	0.547747
3917	0.547112
3918	0.546540
3919	0.546013
3920	0.545520
3921	0.545063
3922	0.544638
3923	0.544237
3924	0.543860
3925	0.543504
3926	0.543161
3927	0.542841
3928	0.542534
3929	0.542240
3930	0.541961
3931	0.541690
3932	0.541433
3933	0.541182
3934	0.540944
3935	0.540719
3936	0.540501
3937	1.043417
3938	1.008442
3939	0.996377
3940	0.990287
3941	0.986336
3942	0.983427
3943	0.981137
3944	0.979257
3945	0.977663
3946	0.976285
3947	0.975074
3948	0.973984
3949	0.973010
3950	0.972114
3951	0.971301
3952	0.970540
3953	0.969834
3954	0.969174
3955	0.968556
3956	0.967971
3957	0.967423
3958	0.966901
3959	0.966402
3960	0.965929
3961	0.965476
3962	0.965045
3963	0.964632
3964	0.964234
3965	0.963855
3966	0.963488
3967	0.963135
3968	0.962794
3969	1.677979
3970	1.623787
3971	1.605256
3972	1.595960
3973	1.589926
3974	1.585502
3975	1.582023
3976	1.579169
3977	1.576749
3978	1.574658
3979	1.572811
3980	1.571160
3981	1.569668
3982	1.568309
3983	1.567059
3984	1.565910
3985	1.564835
3986	1.563836
3987	1.562897
3988	1.562019
3989	1.561180
3990	1.560393
3991	1.559649
3992	1.558936
3993	1.558254
3994	1.557603
3995	1.556978
3996	1.556376
3997	1.555797
3998	1.555236
3999	1.554700
4000	1.554185
4001	2.217193
4002	2.147677
4003	2.124003
4004	2.112092
4005	2.104361
4006	2.098700
4007	2.094260
4008	2.090613
4009	2.087533
4010	2.084858
4011	2.082508
4012	2.080402
4013	2.078503
4014	2.076769
4015	2.075185
4016	2.073716
4017	2.072345
4018	2.071063
4019	2.069868
4020	2.068742
4021	2.067680
4022	2.066666
4023	2.065706
4024	2.064797
4025	2.063924
4026	2.063090
4027	2.062289
4028	2.061513
4029	2.060776
4030	2.060071
4031	2.059389
4032	2.058728
4033	2.627775
4034	2.546419
4035	2.518818
4036	2.504998
4037	2.496024
4038	2.489448
4039	2.484289
4040	2.480048
4041	2.476467
4042	2.473361
4043	2.470623
4044	2.468177
4045	2.465969
4046	2.463955
4047	2.462105
4048	2.460394
4049	2.458810
4050	2.457335
4051	2.455945
4052	2.454636
4053	2.453397
4054	2.452227
4055	2.451101
4056	2.450044
4057	2.449028
4058	2.448056
4059	2.447124
4060	2.446232
4061	2.445379
4062	2.444556
4063	2.443761
4064	2.442997
4065	2.893108
4066	2.803317
4067	2.773362
4068	2.758368
4069	2.748642
4070	2.741521
4071	2.735940
4072	2.731362
4073	2.727485
4074	2.724128
4075	2.721164
4076	2.718521
4077	2.716136
4078	2.713954
4079	2.711963
4080	2.710112
4081	2.708389
4082	2.706786
4083	2.705276
4084	2.703861
4085	2.702522
4086	2.701249
4087	2.700039
4088	2.698888
4089	2.697792
4090	2.696740
4091	2.695732
4092	2.694766
4093	2.693835
4094	2.692933
4095	2.692076
4096	2.691236
4097	3.012269
4098	2.918426
4099	2.886802
4100	2.871078
4101	2.860929
4102	2.853514
4103	2.847703
4104	2.842942
4105	2.838916
4106	2.835433
4107	2.832360
4108	2.829618
4109	2.827147
4110	2.824894
4111	2.822821
4112	2.820908
4113	2.819134
4114	2.817471
4115	2.815915
4116	2.814458
4117	2.813077
4118	2.811759
4119	2.810513
4120	2.809321
4121	2.808184
4122	2.807104
4123	2.806061
4124	2.805064
4125	2.804107
4126	2.803185
4127	2.802295
4128	2.801433
4129	2.988451
4130	2.894926
4131	2.863525
4132	2.847929
4133	2.837860
4134	2.830504
4135	2.824759
4136	2.820043
4137	2.816065
4138	2.812624
4139	2.809593
4140	2.806885
4141	2.804436
4142	2.802211
4143	2.800162
4144	2.798272
4145	2.796516
4146	2.794875
4147	2.793341
4148	2.791888
4149	2.790526
4150	2.789226
4151	2.787993
4152	2.786817
4153	2.785701
4154	2.784628
4155	2.783602
4156	2.782618
4157	2.781671
4158	2.780756
4159	2.779887
4160	2.779037
4161	2.833501
4162	2.745123
4163	2.715415
4164	2.700690
4165	2.691173
4166	2.684227
4167	2.678796
4168	2.674338
4169	2.670568
4170	2.667305
4171	2.664431
4172	2.661861
4173	2.659549
4174	2.657439
4175	2.655497
4176	2.653708
4177	2.652045
4178	2.650487
4179	2.649032
4180	2.647662
4181	2.646359
4182	2.645133
4183	2.643965
4184	2.642855
4185	2.641798
4186	2.640782
4187	2.639802
4188	2.638876
4189	2.637976
4190	2.637107
4191	2.636272
4192	2.635470
4193	2.559749
4194	2.479872
4195	2.453027
4196	2.439727
4197	2.431146
4198	2.424885
4199	2.419969
4200	2.415945
4201	2.412539
4202	2.409592
4203	2.406992
4204	2.404670
4205	2.402579
4206	2.400664
4207	2.398908
4208	2.397287
4209	2.395778
4210	2.394372
4211	2.393049
4212	2.391811
4213	2.390638
4214	2.389526
4215	2.388470
4216	2.387462
4217	2.386506
4218	2.385583
4219	2.384706
4220	2.383860
4221	2.383039
4222	2.382256
4223	2.381502
4224	2.380774
4225	2.190117
4226	2.121353
4227	2.098275
4228	2.086797
4229	2.079384
4230	2.073970
4231	2.069736
4232	2.066269
4233	2.063335
4234	2.060795
4235	2.058561
4236	2.056566
4237	2.054770
4238	2.053124
4239	2.051618
4240	2.050231
4241	2.048937
4242	2.047729
4243	2.046595
4244	2.045522
4245	2.044520
4246	2.043562
4247	2.042653
4248	2.041789
4249	2.040962
4250	2.040168
4251	2.039421
4252	2.038689
4253	2.037991
4254	2.037317
4255	2.036662
4256	2.036032
4257	1.754144
4258	1.698280
4259	1.679466
4260	1.670120
4261	1.664099
4262	1.659716
4263	1.656290
4264	1.653486
4265	1.651109
4266	1.649057
4267	1.647249
4268	1.645637
4269	1.644176
4270	1.642846
4271	1.641633
4272	1.640502
4273	1.639460
4274	1.638479
4275	1.637561
4276	1.636697
4277	1.635880
4278	1.635103
4279	1.634370
4280	1.633669
4281	1.633004
4282	1.632370
4283	1.631762
4284	1.631176
4285	1.630619
4286	1.630078
4287	1.629559
4288	1.629053
4289	1.280794
4290	1.240290
4291	1.226718
4292	1.219943
4293	1.215566
4294	1.212371
4295	1.209871
4296	1.207819
4297	1.206089
4298	1.204591
4299	1.203273
4300	1.202091
4301	1.201033
4302	1.200069
4303	1.199179
4304	1.198358
4305	1.197588
4306	1.196876
4307	1.196200
4308	1.195566
4309	1.194973
4310	1.194414
4311	1.193871
4312	1.193357
4313	1.192871
4314	1.192406
4315	1.191959
4316	1.191533
4317	1.191122
4318	1.190732
4319	1.190358
4320	1.189995
4321	0.802569
4322	0.778260
4323	0.769868
4324	0.765656
4325	0.762914
4326	0.760896
4327	0.759313
4328	0.758003
4329	0.756895
4330	0.755932
4331	0.755090
4332	0.754331
4333	0.753643
4334	0.753018
4335	0.752448
4336	0.751918
4337	0.751423
4338	0.750968
4339	0.750530
4340	0.750124
4341	0.749744
4342	0.749380
4343	0.749035
4344	0.748709
4345	0.748397
4346	0.748100
4347	0.747810
4348	0.747529
4349	0.747269
4350	0.747012
4351	0.746764
4352	0.746533
4353	0.428922
4354	0.414991
4355	0.410071
4356	0.407557
4357	0.405894
4358	0.404664
4359	0.403694
4360	0.402890
4361	0.402206
4362	0.401605
4363	0.401085
4364	0.400614
4365	0.400194
4366	0.399805
4367	0.399449
4368	0.399122
4369	0.398822
4370	0.398540
4371	0.398272
4372	0.398022
4373	0.397788
4374	0.397569
4375	0.397362
4376	0.397160
4377	0.396962
4378	0.396775
4379	0.396603
4380	0.396431
4381	0.396269
4382	0.396115
4383	0.395971
4384	0.395829
4385	0.679043
4386	0.656852
4387	0.649224
4388	0.645400
4389	0.642916
4390	0.641097
4391	0.639673
4392	0.638506
4393	0.637513
4394	0.636661
4395	0.635918
4396	0.635239
4397	0.634635
4398	0.634074
4399	0.633563
4400	0.633091
4401	0.632652
4402	0.632242
4403	0.631854
4404	0.631496
4405	0.631157
4406	0.630838
4407	0.630534
4408	0.630246
4409	0.629968
4410	0.629710
4411	0.629450
4412	0.629210
4413	0.628978
4414	0.628754
4415	0.628541
4416	0.628334
4417	1.110152
4418	1.074345
4419	1.062197
4420	1.056148
4421	1.052237
4422	1.049389
4423	1.047158
4424	1.045333
4425	1.043785
4426	1.042444
4427	1.041264
4428	1.040219
4429	1.039271
4430	1.038404
4431	1.037612
4432	1.036881
4433	1.036200
4434	1.035567
4435	1.034971
4436	1.034411
4437	1.033878
4438	1.033371
4439	1.032892
4440	1.032440
4441	1.032002
4442	1.031583
4443	1.031187
4444	1.030799
4445	1.030428
4446	1.030071
4447	1.029731
4448	1.029403
4449	1.483348
4450	1.436825
4451	1.420994
4452	1.413094
4453	1.407996
4454	1.404274
4455	1.401361
4456	1.398967
4457	1.396945
4458	1.395199
4459	1.393656
4460	1.392284
4461	1.391040
4462	1.389910
4463	1.388875
4464	1.387924
4465	1.387033
4466	1.386204
4467	1.385421
4468	1.384690
4469	1.383994
4470	1.383342
4471	1.382719
4472	1.382125
4473	1.381553
4474	1.381005
4475	1.380482
4476	1.379978
4477	1.379492
4478	1.379030
4479	1.378577
4480	1.378150
4481	1.775642
4482	1.721048
4483	1.702457
4484	1.693210
4485	1.687228
4486	1.682845
4487	1.679421
4488	1.676606
4489	1.674224
4490	1.672155
4491	1.670336
4492	1.668709
4493	1.667235
4494	1.665896
4495	1.664676
4496	1.663538
4497	1.662486
4498	1.661500
4499	1.660579
4500	1.659708
4501	1.658892
4502	1.658119
4503	1.657378
4504	1.656676
4505	1.656012
4506	1.655377
4507	1.654765
4508	1.654172
4509	1.653606
4510	1.653060
4511	1.652535
4512	1.652025
4513	1.975236
4514	1.914381
4515	1.893882
4516	1.883701
4517	1.877106
4518	1.872284
4519	1.868503
4520	1.865410
4521	1.862786
4522	1.860521
4523	1.858515
4524	1.856727
4525	1.855108
4526	1.853632
4527	1.852282
4528	1.851036
4529	1.849873
4530	1.848792
4531	1.847780
4532	1.846820
4533	1.845916
4534	1.845058
4535	1.844243
4536	1.843466
4537	1.842729
4538	1.842022
4539	1.841343
4540	1.840693
4541	1.840066
4542	1.839464
4543	1.838881
4544	1.838315
4545	2.077141
4546	2.013268
4547	1.991783
4548	1.981117
4549	1.974237
4550	1.969201
4551	1.965255
4552	1.962016
4553	1.959281
4554	1.956909
4555	1.954824
4556	1.952957
4557	1.951270
4558	1.949729
4559	1.948317
4560	1.947014
4561	1.945801
4562	1.944666
4563	1.943604
4564	1.942603
4565	1.941664
4566	1.940771
4567	1.939921
4568	1.939114
4569	1.938344
4570	1.937605
4571	1.936898
4572	1.936218
4573	1.935567
4574	1.934937
4575	1.934333
4576	1.933745
4577	2.081661
4578	2.018118
4579	1.996504
4580	1.985769
4581	1.978833
4582	1.973762
4583	1.969789
4584	1.966532
4585	1.963775
4586	1.961396
4587	1.959299
4588	1.957419
4589	1.955721
4590	1.954170
4591	1.952746
4592	1.951435
4593	1.950215
4594	1.949077
4595	1.948009
4596	1.947002
4597	1.946054
4598	1.945157
4599	1.944303
4600	1.943495
4601	1.942723
4602	1.941983
4603	1.941270
4604	1.940586
4605	1.939931
4606	1.939305
4607	1.938703
4608	1.938121
4609	1.990656
4610	1.929470
4611	1.908733
4612	1.898432
4613	1.891786
4614	1.886927
4615	1.883128
4616	1.880017
4617	1.877382
4618	1.875101
4619	1.873094
4620	1.871295
4621	1.869675
4622	1.868193
4623	1.866838
4624	1.865586
4625	1.864419
4626	1.863338
4627	1.862324
4628	1.861369
4629	1.860457
4630	1.859600
4631	1.858782
4632	1.858002
4633	1.857261
4634	1.856547
4635	1.855865
4636	1.855206
4637	1.854580
4638	1.853972
4639	1.853389
4640	1.852828
4641	1.817525
4642	1.761509
4643	1.742513
4644	1.733095
4645	1.726995
4646	1.722551
4647	1.719066
4648	1.716208
4649	1.713792
4650	1.711706
4651	1.709870
4652	1.708231
4653	1.706744
4654	1.705393
4655	1.704159
4656	1.703014
4657	1.701952
4658	1.700959
4659	1.700025
4660	1.699152
4661	1.698319
4662	1.697532
4663	1.696784
4664	1.696067
4665	1.695390
4666	1.694739
4667	1.694120
4668	1.693525
4669	1.692946
4670	1.692393
4671	1.691861
4672	1.691340
4673	1.572328
4674	1.523628
4675	1.507192
4676	1.499020
4677	1.493734
4678	1.489880
4679	1.486854
4680	1.484384
4681	1.482288
4682	1.480474
4683	1.478881
4684	1.477451
4685	1.476162
4686	1.474990
4687	1.473913
4688	1.472919
4689	1.471996
4690	1.471136
4691	1.470328
4692	1.469569
4693	1.468845
4694	1.468161
4695	1.467509
4696	1.466891
4697	1.466297
4698	1.465737
4699	1.465199
4700	1.464679
4701	1.464178
4702	1.463701
4703	1.463240
4704	1.462792
4705	1.277609
4706	1.237547
4707	1.224050
4708	1.217357
4709	1.213029
4710	1.209869
4711	1.207397
4712	1.205376
4713	1.203664
4714	1.202181
4715	1.200881
4716	1.199709
4717	1.198663
4718	1.197698
4719	1.196820
4720	1.196011
4721	1.195256
4722	1.194551
4723	1.193896
4724	1.193275
4725	1.192688
4726	1.192132
4727	1.191609
4728	1.191105
4729	1.190630
4730	1.190167
4731	1.189729
4732	1.189313
4733	1.188905
4734	1.188519
4735	1.188141
4736	1.187778
4737	0.950197
4738	0.920465
4739	0.910476
4740	0.905505
4741	0.902287
4742	0.899931
4743	0.898096
4744	0.896581
4745	0.895305
4746	0.894197
4747	0.893221
4748	0.892352
4749	0.891560
4750	0.890842
4751	0.890188
4752	0.889581
4753	0.889015
4754	0.888491
4755	0.887999
4756	0.887533
4757	0.887093
4758	0.886672
4759	0.886279
4760	0.885905
4761	0.885545
4762	0.885198
4763	0.884870
4764	0.884562
4765	0.884262
4766	0.883970
4767	0.883690
4768	0.883427
4769	0.609906
4770	0.591390
4771	0.584993
4772	0.581780
4773	0.579698
4774	0.578165
4775	0.576957
4776	0.575974
4777	0.575135
4778	0.574415
4779	0.573776
4780	0.573209
4781	0.572702
4782	0.572234
4783	0.571811
4784	0.571414
4785	0.571050
4786	0.570705
4787	0.570388
4788	0.570083
4789	0.569800
4790	0.569532
4791	0.569275
4792	0.569023
4793	0.568793
4794	0.568570
4795	0.568358
4796	0.568157
4797	0.567966
4798	0.567776
4799	0.567600
4800	0.567427
4801	0.314031
4802	0.304340
4803	0.300952
4804	0.299229
4805	0.298091
4806	0.297248
4807	0.296589
4808	0.296044
4809	0.295574
4810	0.295174
4811	0.294817
4812	0.294505
4813	0.294219
4814	0.293958
4815	0.293721
4816	0.293497
4817	0.293294
4818	0.293103
4819	0.292923
4820	0.292754
4821	0.292597
4822	0.292450
4823	0.292306
4824	0.292171
4825	0.292043
4826	0.291927
4827	0.291812
4828	0.291705
4829	0.291602
4830	0.291498
4831	0.291403
4832	0.291312
4833	0.441513
4834	0.427486
4835	0.422659
4836	0.420225
4837	0.418632
4838	0.417467
4839	0.416551
4840	0.415797
4841	0.415160
4842	0.414613
4843	0.414127
4844	0.413693
4845	0.413300
4846	0.412944
4847	0.412615
4848	0.412313
4849	0.412035
4850	0.411771
4851	0.411526
4852	0.411292
4853	0.411070
4854	0.410860
4855	0.410669
4856	0.410486
4857	0.410311
4858	0.410147
4859	0.409984
4860	0.409832
4861	0.409682
4862	0.409539
4863	0.409403
4864	0.409271
4865	0.740536
4866	0.717467
4867	0.709509
4868	0.705536
4869	0.702953
4870	0.701065
4871	0.699583
4872	0.698367
4873	0.697341
4874	0.696452
4875	0.695665
4876	0.694969
4877	0.694336
4878	0.693764
4879	0.693238
4880	0.692750
4881	0.692300
4882	0.691878
4883	0.691485
4884	0.691111
4885	0.690756
4886	0.690422
4887	0.690104
4888	0.689803
4889	0.689519
4890	0.689247
4891	0.688989
4892	0.688739
4893	0.688496
4894	0.688258
4895	0.688037
4896	0.687821
4897	1.005591
4898	0.974441
4899	0.963828
4900	0.958505
4901	0.955063
4902	0.952552
4903	0.950584
4904	0.948966
4905	0.947598
4906	0.946413
4907	0.945374
4908	0.944445
4909	0.943604
4910	0.942838
4911	0.942135
4912	0.941479
4913	0.940877
4914	0.940308
4915	0.939782
4916	0.939286
4917	0.938818
4918	0.938371
4919	0.937947
4920	0.937544
4921	0.937155
4922	0.936790
4923	0.936436
4924	0.936100
4925	0.935769
4926	0.935452
4927	0.935149
4928	0.934856
4929	1.217882
4930	1.180286
4931	1.167538
4932	1.161161
4933	1.157056
4934	1.154053
4935	1.151700
4936	1.149769
4937	1.148134
4938	1.146722
4939	1.145470
4940	1.144363
4941	1.143355
4942	1.142439
4943	1.141601
4944	1.140824
4945	1.140102
4946	1.139428
4947	1.138789
4948	1.138193
4949	1.137634
4950	1.137105
4951	1.136605
4952	1.136123
4953	1.135670
4954	1.135231
4955	1.134813
4956	1.134413
4957	1.134028
4958	1.133655
4959	1.133293
4960	1.132943
4961	1.368067
4962	1.325578
4963	1.311268
4964	1.304153
4965	1.299558
4966	1.296200
4967	1.293580
4968	1.291426
4969	1.289603
4970	1.288022
4971	1.286630
4972	1.285394
4973	1.284270
4974	1.283251
4975	1.282318
4976	1.281457
4977	1.280655
4978	1.279906
4979	1.279204
4980	1.278539
4981	1.277915
4982	1.277319
4983	1.276756
4984	1.276213
4985	1.275698
4986	1.275211
4987	1.274745
4988	1.274295
4989	1.273864
4990	1.273445
4991	1.273045
4992	1.272658
4993	1.450932
4994	1.405702
4995	1.390523
4996	1.383002
4997	1.378138
4998	1.374590
4999	1.371808
5000	1.369533
5001	1.367608
5002	1.365938
5003	1.364464
5004	1.363148
5005	1.361966
5006	1.360884
5007	1.359890
5008	1.358970
5009	1.358122
5010	1.357330
5011	1.356593
5012	1.355895
5013	1.355235
5014	1.354607
5015	1.354015
5016	1.353439
5017	1.352895
5018	1.352376
5019	1.351880
5020	1.351404
5021	1.350951
5022	1.350514
5023	1.350090
5024	1.349683
5025	1.463654
5026	1.418476
5027	1.403120
5028	1.395541
5029	1.390654
5030	1.387079
5031	1.384274
5032	1.381972
5033	1.380030
5034	1.378349
5035	1.376864
5036	1.375541
5037	1.374348
5038	1.373265
5039	1.372261
5040	1.371329
5041	1.370474
5042	1.369672
5043	1.368920
5044	1.368212
5045	1.367544
5046	1.366910
5047	1.366307
5048	1.365735
5049	1.365186
5050	1.364658
5051	1.364155
5052	1.363674
5053	1.363214
5054	1.362769
5055	1.362344
5056	1.361933
5057	1.410375
5058	1.366312
5059	1.351437
5060	1.344103
5061	1.339373
5062	1.335923
5063	1.333217
5064	1.331006
5065	1.329131
5066	1.327518
5067	1.326090
5068	1.324812
5069	1.323664
5070	1.322619
5071	1.321656
5072	1.320757
5073	1.319928
5074	1.319154
5075	1.318431
5076	1.317749
5077	1.317104
5078	1.316499
5079	1.315914
5080	1.315365
5081	1.314836
5082	1.314332
5083	1.313845
5084	1.313380
5085	1.312936
5086	1.312508
5087	1.312095
5088	1.311692
5089	1.294891
5090	1.254605
5091	1.241003
5092	1.234285
5093	1.229954
5094	1.226786
5095	1.224303
5096	1.222266
5097	1.220538
5098	1.219041
5099	1.217730
5100	1.216558
5101	1.215500
5102	1.214540
5103	1.213651
5104	1.212828
5105	1.212065
5106	1.211357
5107	1.210688
5108	1.210062
5109	1.209469
5110	1.208907
5111	1.208373
5112	1.207865
5113	1.207377
5114	1.206909
5115	1.206464
5116	1.206033
5117	1.205626
5118	1.205235
5119	1.204854
5120	1.204487
5121	1.127207
5122	1.091762
5123	1.079906
5124	1.074025
5125	1.070232
5126	1.067459
5127	1.065295
5128	1.063512
5129	1.062006
5130	1.060709
5131	1.059563
5132	1.058543
5133	1.057622
5134	1.056771
5135	1.055999
5136	1.055279
5137	1.054615
5138	1.053992
5139	1.053416
5140	1.052864
5141	1.052346
5142	1.051852
5143	1.051381
5144	1.050929
5145	1.050508
5146	1.050099
5147	1.049716
5148	1.049348
5149	1.048996
5150	1.048660
5151	1.048331
5152	1.048018
5153	0.924536
5154	0.895691
5155	0.885901
5156	0.881028
5157	0.877896
5158	0.875604
5159	0.873811
5160	0.872336
5161	0.871098
5162	0.870027
5163	0.869087
5164	0.868242
5165	0.867483
5166	0.866790
5167	0.866162
5168	0.865572
5169	0.865027
5170	0.864514
5171	0.864033
5172	0.863581
5173	0.863156
5174	0.862757
5175	0.862380
5176	0.862018
5177	0.861674
5178	0.861349
5179	0.861029
5180	0.860726
5181	0.860435
5182	0.860155
5183	0.859889
5184	0.859631
5185	0.695142
5186	0.673521
5187	0.666188
5188	0.662542
5189	0.660182
5190	0.658461
5191	0.657110
5192	0.656000
5193	0.655061
5194	0.654247
5195	0.653540
5196	0.652906
5197	0.652336
5198	0.651810
5199	0.651331
5200	0.650887
5201	0.650475
5202	0.650092
5203	0.649732
5204	0.649394
5205	0.649073
5206	0.648776
5207	0.648493
5208	0.648215
5209	0.647953
5210	0.647706
5211	0.647475
5212	0.647254
5213	0.647033
5214	0.646827
5215	0.646626
5216	0.646434
5217	0.454626
5218	0.440848
5219	0.436102
5220	0.433716
5221	0.432167
5222	0.431034
5223	0.430148
5224	0.429421
5225	0.428805
5226	0.428276
5227	0.427805
5228	0.427382
5229	0.427000
5230	0.426652
5231	0.426329
5232	0.426034
5233	0.425764
5234	0.425501
5235	0.425269
5236	0.425050
5237	0.424842
5238	0.424643
5239	0.424454
5240	0.424278
5241	0.424111
5242	0.423949
5243	0.423797
5244	0.423649
5245	0.423504
5246	0.423369
5247	0.423239
5248	0.423112
