1	785.846191
2	713.755066
3	693.534912
4	682.842285
5	676.546143
6	671.898010
7	668.191650
8	665.113953
9	662.485291
10	660.193665
11	658.163391
12	656.341492
13	654.690125
14	653.180054
15	651.790161
16	650.502625
17	649.304077
18	648.182739
19	647.128845
20	646.135803
21	645.197021
22	644.306641
23	643.460327
24	642.653320
25	641.882507
26	641.145203
27	640.438416
28	639.759644
29	639.107239
30	638.478760
31	637.872681
32	637.287720
33	644.931030
34	608.210266
35	593.775391
36	586.011108
37	580.786377
38	576.876587
39	573.764832
40	571.186218
41	568.988098
42	567.075073
43	565.382812
44	563.866333
45	562.493896
46	561.241089
47	560.088440
48	559.022217
49	558.029968
50	557.102539
51	556.232178
52	555.412659
53	554.638245
54	553.903992
55	553.206604
56	552.541931
57	551.907715
58	551.302002
59	550.720459
60	550.162781
61	549.627258
62	549.111267
63	548.613586
64	548.133423
65	556.516602
66	525.133179
67	513.073120
68	506.658264
69	502.366211
70	499.164551
71	496.621338
72	494.516968
73	492.725006
74	491.166351
75	489.788483
76	488.554779
77	487.437866
78	486.418549
79	485.481049
80	484.613800
81	483.806671
82	483.052917
83	482.345062
84	481.678802
85	481.049072
86	480.452026
87	479.885132
88	479.344910
89	478.829163
90	478.335968
91	477.863678
92	477.410309
93	476.974121
94	476.554779
95	476.150146
96	475.759552
97	484.152527
98	457.478119
99	447.328064
100	441.955933
101	438.369080
102	435.696838
103	433.575989
104	431.821320
105	430.327484
106	429.027985
107	427.879456
108	426.850586
109	425.919922
110	425.069519
111	424.288147
112	423.564850
113	422.891785
114	422.262634
115	421.672272
116	421.116272
117	420.590820
118	420.092438
119	419.619385
120	419.168335
121	418.738007
122	418.325989
123	417.931366
124	417.552979
125	417.188904
126	416.838379
127	416.500275
128	416.174042
129	424.244904
130	401.109772
131	392.408966
132	387.818604
133	384.772491
134	382.514252
135	380.720795
136	379.236481
137	377.971985
138	376.873413
139	375.903442
140	375.033752
141	374.246735
142	373.527740
143	372.866791
144	372.254486
145	371.684937
146	371.152313
147	370.652222
148	370.181030
149	369.735992
150	369.313934
151	368.912537
152	368.530365
153	368.165436
154	367.816040
155	367.481537
156	367.160156
157	366.851318
158	366.553833
159	366.266815
160	365.989929
161	373.575287
162	353.160492
163	345.694214
164	341.770050
165	339.154663
166	337.205475
167	335.657593
168	334.376526
169	333.285492
170	332.335938
171	331.496429
172	330.744385
173	330.063110
174	329.441193
175	328.869049
176	328.339447
177	327.846313
178	327.385376
179	326.952850
180	326.544952
181	326.159790
182	325.794464
183	325.447021
184	325.116119
185	324.800323
186	324.498199
187	324.208740
188	323.930634
189	323.663635
190	323.406219
191	323.158081
192	322.918610
193	329.819702
194	311.989380
195	305.418671
196	301.971069
197	299.678284
198	297.973938
199	296.622284
200	295.504791
201	294.554016
202	293.727081
203	292.996033
204	292.341614
205	291.748718
206	291.207855
207	290.710052
208	290.249573
209	289.820923
210	289.420349
211	289.044250
212	288.689941
213	288.355072
214	288.037537
215	287.735779
216	287.447968
217	287.173431
218	286.910583
219	286.658844
220	286.417358
221	286.184998
222	285.961090
223	285.745209
224	285.536774
225	291.716217
226	276.056183
227	270.272217
228	267.244629
229	265.233093
230	263.738403
231	262.553741
232	261.574432
233	260.741455
234	260.017090
235	259.376617
236	258.803406
237	258.284180
238	257.810303
239	257.374451
240	256.971008
241	256.595642
242	256.244751
243	255.915283
244	255.604950
245	255.311539
246	255.033600
247	254.769135
248	254.517105
249	254.276810
250	254.046585
251	253.826157
252	253.614258
253	253.410553
254	253.214584
255	253.025742
256	252.843048
257	258.405304
258	244.551880
259	239.449646
260	236.784653
261	235.016129
262	233.702652
263	232.661972
264	231.802063
265	231.070602
266	230.434433
267	229.872391
268	229.368912
269	228.913315
270	228.497284
271	228.114868
272	227.760574
273	227.431152
274	227.123093
275	226.834000
276	226.561661
277	226.304123
278	226.059921
279	225.827728
280	225.606720
281	225.395645
282	225.193878
283	225.000183
284	224.814301
285	224.635559
286	224.463516
287	224.297546
288	224.137390
289	229.176682
290	216.867752
291	212.360428
292	210.011475
293	208.454285
294	207.298401
295	206.382904
296	205.626770
297	204.983414
298	204.424103
299	203.929947
300	203.487915
301	203.087723
302	202.722397
303	202.386246
304	202.075409
305	201.786011
306	201.515472
307	201.261581
308	201.022263
309	200.796051
310	200.581558
311	200.377853
312	200.183685
313	199.998474
314	199.821274
315	199.651352
316	199.488220
317	199.331421
318	199.180267
319	199.034683
320	198.893951
321	203.466705
322	192.505814
323	188.530533
324	186.463562
325	185.095169
326	184.080063
327	183.276138
328	182.612091
329	182.047180
330	181.556244
331	181.122330
332	180.733765
333	180.382278
334	180.061676
335	179.766571
336	179.493744
337	179.239975
338	179.002335
339	178.779572
340	178.569489
341	178.370926
342	178.182770
343	178.003906
344	177.833450
345	177.670792
346	177.515121
347	177.365952
348	177.222641
349	177.084824
350	176.952148
351	176.824020
352	176.700562
353	180.921295
354	171.099472
355	167.587875
356	165.773544
357	164.579407
358	163.695374
359	162.996140
360	162.418991
361	161.928452
362	161.502274
363	161.125854
364	160.788895
365	160.483948
366	160.205643
367	159.949814
368	159.712860
369	159.492554
370	159.287262
371	159.095428
372	158.915939
373	158.746292
374	158.585526
375	158.432617
376	158.287186
377	158.148285
378	158.015396
379	157.887817
380	157.765579
381	157.647980
382	157.534637
383	157.425461
384	157.320084
385	161.441498
386	152.644531
387	149.539703
388	147.947113
389	146.899796
390	146.126099
391	145.515503
392	145.012009
393	144.584564
394	144.213348
395	143.885742
396	143.592651
397	143.327469
398	143.085464
399	142.863022
400	142.657181
401	142.465881
402	142.286942
403	142.119110
404	141.960892
405	141.811401
406	141.669632
407	141.534988
408	141.406693
409	141.284119
410	141.167038
411	141.054611
412	140.946823
413	140.843201
414	140.743347
415	140.647095
416	140.554169
417	144.283905
418	136.455933
419	133.702484
420	132.292282
421	131.365799
422	130.681808
423	130.141968
424	129.697235
425	129.319687
426	128.991806
427	128.702530
428	128.443588
429	128.209412
430	127.995773
431	127.799438
432	127.617844
433	127.448868
434	127.290939
435	127.142670
436	127.003021
437	126.871048
438	126.746002
439	126.627106
440	126.513901
441	126.405769
442	126.302315
443	126.203217
444	126.108002
445	126.016510
446	125.928436
447	125.843445
448	125.761444
449	129.138000
450	122.168076
451	119.724182
452	118.474770
453	117.654404
454	117.049210
455	116.571838
456	116.178528
457	115.844666
458	115.554901
459	115.299141
460	115.070389
461	114.863503
462	114.674690
463	114.501213
464	114.340691
465	114.191490
466	114.051903
467	113.921005
468	113.797676
469	113.681114
470	113.570663
471	113.465652
472	113.365608
473	113.270111
474	113.178741
475	113.091164
476	113.007095
477	112.926292
478	112.848473
479	112.773460
480	112.701012
481	115.759552
482	109.550888
483	107.388206
484	106.291580
485	105.572975
486	105.045433
487	104.630646
488	104.289047
489	103.999283
490	103.747925
491	103.525970
492	103.328178
493	103.149475
494	102.986557
495	102.836769
496	102.698334
497	102.570084
498	102.450096
499	102.337593
500	102.231667
501	102.131508
502	102.036606
503	101.946442
504	101.860489
505	101.778481
506	101.699974
507	101.624825
508	101.552567
509	101.483192
510	101.416367
511	101.351921
512	101.289757
513	104.157143
514	98.689056
515	96.789818
516	95.825615
517	95.195160
518	94.731308
519	94.365967
520	94.065590
521	93.810852
522	93.589943
523	93.395012
524	93.220810
525	93.063385
526	92.919754
527	92.787781
528	92.665771
529	92.552299
530	92.446297
531	92.346848
532	92.253136
533	92.164566
534	92.080719
535	92.000984
536	91.925003
537	91.852463
538	91.783173
539	91.716652
540	91.652908
541	91.591660
542	91.532471
543	91.475586
544	91.420631
545	94.022324
546	89.142433
547	87.448364
548	86.589050
549	86.028000
550	85.628212
551	85.314156
552	85.056320
553	84.837967
554	84.648796
555	84.482056
556	84.333221
557	84.198662
558	84.076012
559	83.963409
560	83.859268
561	83.762543
562	83.672089
563	83.587379
564	83.507500
565	83.432083
566	83.360611
567	83.292717
568	83.228104
569	83.166359
570	83.107361
571	83.050804
572	82.996475
573	82.944290
574	82.894089
575	82.845650
576	82.798882
577	85.325645
578	80.976212
579	79.479828
580	78.727844
581	78.239517
582	77.882454
583	77.602287
584	77.372726
585	77.178276
586	77.009857
587	76.861595
588	76.729080
589	76.609413
590	76.500313
591	76.400131
592	76.307571
593	76.221489
594	76.141068
595	76.065811
596	75.994934
597	75.927887
598	75.864479
599	75.804169
600	75.746811
601	75.691940
602	75.639549
603	75.589340
604	75.541183
605	75.494751
606	75.450142
607	75.407158
608	75.365578
609	77.724701
610	73.772186
611	72.421196
612	71.748169
613	71.312134
614	70.994034
615	70.744499
616	70.539841
617	70.366592
618	70.216606
619	70.084526
620	69.966499
621	69.859947
622	69.762840
623	69.673691
624	69.591270
625	69.514664
626	69.443130
627	69.375992
628	69.312874
629	69.253189
630	69.196678
631	69.142960
632	69.091782
633	69.042999
634	68.996292
635	68.951584
636	68.908615
637	68.867378
638	68.827637
639	68.789345
640	68.752319
641	70.955978
642	67.351852
643	66.137146
644	65.533577
645	65.142662
646	64.856888
647	64.632912
648	64.449326
649	64.294029
650	64.159691
651	64.041397
652	63.935722
653	63.840378
654	63.753529
655	63.673801
656	63.600052
657	63.531601
658	63.467609
659	63.407650
660	63.351185
661	63.297863
662	63.247292
663	63.199341
664	63.153641
665	63.110001
666	63.068302
667	63.028294
668	62.989960
669	62.953060
670	62.917557
671	62.883373
672	62.850296
673	64.918480
674	61.623875
675	60.525047
676	59.977421
677	59.623425
678	59.364925
679	59.162415
680	58.996502
681	58.856186
682	58.734772
683	58.627884
684	58.532429
685	58.446236
686	58.367702
687	58.295631
688	58.229008
689	58.167038
690	58.109119
691	58.054867
692	58.003780
693	57.955513
694	57.909771
695	57.866314
696	57.824886
697	57.785378
698	57.747566
699	57.711357
700	57.676582
701	57.643108
702	57.610931
703	57.579857
704	57.549850
705	59.488609
706	56.474838
707	55.475914
708	54.982098
709	54.661930
710	54.427254
711	54.242783
712	54.091057
713	53.962334
714	53.850567
715	53.751846
716	53.663464
717	53.583363
718	53.510193
719	53.442879
720	53.380459
721	53.322296
722	53.267876
723	53.216682
724	53.168365
725	53.122932
726	53.080002
727	53.039116
728	53.000099
729	52.962761
730	52.927052
731	52.892727
732	52.859768
733	52.827961
734	52.797302
735	52.767700
736	52.739094
737	54.417362
738	51.579781
739	50.595566
740	50.086658
741	49.749977
742	49.499168
743	49.299576
744	49.134045
745	48.992657
746	48.869278
747	48.759872
748	48.661541
749	48.572372
750	48.490696
751	48.415356
752	48.345505
753	48.280338
754	48.219303
755	48.161903
756	48.107746
757	48.056499
758	48.007858
759	47.961525
760	47.917305
761	47.875080
762	47.834557
763	47.795734
764	47.758373
765	47.722404
766	47.687748
767	47.654240
768	47.621941
769	48.773296
770	46.130909
771	45.196537
772	44.714127
773	44.395325
774	44.159061
775	43.971951
776	43.818672
777	43.690201
778	43.578781
779	43.480247
780	43.391975
781	43.312344
782	43.239994
783	43.173454
784	43.111858
785	43.054489
786	43.000809
787	42.950378
788	42.902863
789	42.857952
790	42.815323
791	42.774780
792	42.736145
793	42.699253
794	42.663956
795	42.630077
796	42.597549
797	42.566254
798	42.536114
799	42.507038
800	42.478966
801	43.615520
802	41.219509
803	40.393311
804	39.973442
805	39.699257
806	39.497032
807	39.337288
808	39.205513
809	39.093487
810	38.996319
811	38.910564
812	38.833778
813	38.764309
814	38.700821
815	38.642490
816	38.588463
817	38.538254
818	38.491261
819	38.447128
820	38.405594
821	38.366287
822	38.329033
823	38.293617
824	38.259880
825	38.227642
826	38.196815
827	38.167236
828	38.138836
829	38.111568
830	38.085274
831	38.059937
832	38.035488
833	39.044067
834	36.952511
835	36.233261
836	35.863686
837	35.620228
838	35.440193
839	35.297905
840	35.180542
841	35.080853
842	34.994232
843	34.917713
844	34.849220
845	34.787254
846	34.730698
847	34.678669
848	34.630562
849	34.585785
850	34.543907
851	34.504593
852	34.467560
853	34.432556
854	34.399345
855	34.367809
856	34.337769
857	34.309048
858	34.281590
859	34.255264
860	34.229965
861	34.205677
862	34.182243
863	34.159649
864	34.137878
865	35.029255
866	33.187191
867	32.542591
868	32.212517
869	31.995396
870	31.834846
871	31.707954
872	31.603249
873	31.514267
874	31.436968
875	31.368675
876	31.307518
877	31.252180
878	31.201672
879	31.155203
880	31.112200
881	31.072199
882	31.034779
883	30.999647
884	30.966543
885	30.935242
886	30.905563
887	30.877344
888	30.850447
889	30.824785
890	30.800213
891	30.776724
892	30.754124
893	30.732401
894	30.711491
895	30.691332
896	30.671848
897	31.499802
898	29.829832
899	29.245892
900	28.947252
901	28.751297
902	28.606474
903	28.492056
904	28.397720
905	28.317778
906	28.248848
907	28.187946
908	28.133432
909	28.084103
910	28.039066
911	27.997633
912	27.959291
913	27.923634
914	27.890285
915	27.858955
916	27.829443
917	27.801538
918	27.775085
919	27.749924
920	27.725964
921	27.703072
922	27.681168
923	27.660156
924	27.639996
925	27.620617
926	27.601913
927	27.583914
928	27.566502
929	28.317122
930	26.801262
931	26.270773
932	25.998522
933	25.819305
934	25.686691
935	25.581882
936	25.495350
937	25.421804
938	25.357903
939	25.301432
940	25.250828
941	25.205063
942	25.163254
943	25.124794
944	25.089209
945	25.056067
946	25.025082
947	24.995987
948	24.968544
949	24.942604
950	24.918018
951	24.894636
952	24.872381
953	24.851088
954	24.830704
955	24.811182
956	24.792418
957	24.774372
958	24.757008
959	24.740250
960	24.724072
961	25.397591
962	24.021742
963	23.542454
964	23.298708
965	23.139019
966	23.021101
967	22.927998
968	22.851271
969	22.786068
970	22.729473
971	22.679459
972	22.634693
973	22.594204
974	22.557245
975	22.523247
976	22.491779
977	22.462511
978	22.435112
979	22.409424
980	22.385193
981	22.362286
982	22.340593
983	22.319946
984	22.300270
985	22.281490
986	22.263512
987	22.246260
988	22.229713
989	22.213787
990	22.198446
991	22.183653
992	22.169384
993	22.791309
994	21.550142
995	21.114210
996	20.890541
997	20.743444
998	20.634769
999	20.548939
1000	20.478167
1001	20.418036
1002	20.365820
1003	20.319696
1004	20.278402
1005	20.241053
1006	20.206949
1007	20.175598
1008	20.146566
1009	20.119587
1010	20.094330
1011	20.070621
1012	20.048294
1013	20.027184
1014	20.007164
1015	19.988132
1016	19.969994
1017	19.952686
1018	19.936110
1019	19.920235
1020	19.904987
1021	19.890316
1022	19.876175
1023	19.862560
1024	19.849400
1025	20.387722
1026	19.270042
1027	18.877119
1028	18.675747
1029	18.543030
1030	18.444809
1031	18.367195
1032	18.303150
1033	18.248705
1034	18.201427
1035	18.159641
1036	18.122236
1037	18.088392
1038	18.057480
1039	18.029076
1040	18.002779
1041	17.978310
1042	17.955421
1043	17.933966
1044	17.913723
1045	17.894569
1046	17.876444
1047	17.859243
1048	17.842869
1049	17.827242
1050	17.812269
1051	17.797932
1052	17.784153
1053	17.770905
1054	17.758154
1055	17.745848
1056	17.733971
1057	18.194885
1058	17.203142
1059	16.855314
1060	16.675638
1061	16.556984
1062	16.469112
1063	16.399603
1064	16.342230
1065	16.293449
1066	16.251057
1067	16.213610
1068	16.180069
1069	16.149725
1070	16.122009
1071	16.096533
1072	16.072939
1073	16.050997
1074	16.030470
1075	16.011221
1076	15.993078
1077	15.975941
1078	15.959701
1079	15.944257
1080	15.929549
1081	15.915510
1082	15.902058
1083	15.889174
1084	15.876801
1085	15.864914
1086	15.853454
1087	15.842405
1088	15.831742
1089	16.226677
1090	15.354432
1091	15.044415
1092	14.884027
1093	14.778086
1094	14.699594
1095	14.637523
1096	14.586288
1097	14.542732
1098	14.504877
1099	14.471416
1100	14.441486
1101	14.414398
1102	14.389656
1103	14.366895
1104	14.345840
1105	14.326256
1106	14.307934
1107	14.290745
1108	14.274531
1109	14.259216
1110	14.244687
1111	14.230883
1112	14.217729
1113	14.205172
1114	14.193161
1115	14.181641
1116	14.170572
1117	14.159939
1118	14.149698
1119	14.139815
1120	14.130277
1121	14.474497
1122	13.703806
1123	13.427164
1124	13.283915
1125	13.189243
1126	13.119105
1127	13.063619
1128	13.017817
1129	12.978872
1130	12.945028
1131	12.915133
1132	12.888351
1133	12.864126
1134	12.842008
1135	12.821671
1136	12.802839
1137	12.785326
1138	12.768943
1139	12.753572
1140	12.739077
1141	12.725391
1142	12.712414
1143	12.700066
1144	12.688314
1145	12.677078
1146	12.666339
1147	12.656050
1148	12.646154
1149	12.636642
1150	12.627480
1151	12.618648
1152	12.610134
1153	12.917774
1154	12.229648
1155	11.982443
1156	11.854489
1157	11.769966
1158	11.707376
1159	11.657879
1160	11.617002
1161	11.582239
1162	11.552044
1163	11.525371
1164	11.501478
1165	11.479866
1166	11.460150
1167	11.442014
1168	11.425220
1169	11.409609
1170	11.395006
1171	11.381302
1172	11.368383
1173	11.356176
1174	11.344593
1175	11.333595
1176	11.323109
1177	11.313087
1178	11.303518
1179	11.294335
1180	11.285522
1181	11.277046
1182	11.268879
1183	11.261006
1184	11.253406
1185	11.530809
1186	10.916100
1187	10.695184
1188	10.580923
1189	10.505489
1190	10.449629
1191	10.405458
1192	10.369012
1193	10.338018
1194	10.311104
1195	10.287329
1196	10.266042
1197	10.246769
1198	10.229199
1199	10.213022
1200	10.198061
1201	10.184136
1202	10.171125
1203	10.158910
1204	10.147411
1205	10.136541
1206	10.126238
1207	10.116444
1208	10.107117
1209	10.098188
1210	10.089680
1211	10.081511
1212	10.073668
1213	10.066126
1214	10.058857
1215	10.051851
1216	10.045103
1217	10.294903
1218	9.747126
1219	9.549691
1220	9.447665
1221	9.380339
1222	9.330514
1223	9.291124
1224	9.258625
1225	9.231002
1226	9.207008
1227	9.185816
1228	9.166850
1229	9.149682
1230	9.134011
1231	9.119598
1232	9.106270
1233	9.093859
1234	9.082271
1235	9.071390
1236	9.061137
1237	9.051434
1238	9.042250
1239	9.033521
1240	9.025194
1241	9.017248
1242	9.009650
1243	9.002359
1244	8.995363
1245	8.988638
1246	8.982164
1247	8.975921
1248	8.969892
1249	9.193090
1250	8.704508
1251	8.528414
1252	8.437392
1253	8.377312
1254	8.332841
1255	8.297681
1256	8.268667
1257	8.244014
1258	8.222591
1259	8.203671
1260	8.186733
1261	8.171412
1262	8.157417
1263	8.144557
1264	8.132651
1265	8.121583
1266	8.111228
1267	8.101521
1268	8.092363
1269	8.083704
1270	8.075501
1271	8.067708
1272	8.060276
1273	8.053185
1274	8.046396
1275	8.039896
1276	8.033651
1277	8.027655
1278	8.021868
1279	8.016291
1280	8.010908
1281	8.210685
1282	7.774052
1283	7.616955
1284	7.535720
1285	7.482095
1286	7.442410
1287	7.411050
1288	7.385178
1289	7.363178
1290	7.344067
1291	7.327184
1292	7.312071
1293	7.298400
1294	7.285917
1295	7.274438
1296	7.263810
1297	7.253930
1298	7.244687
1299	7.236010
1300	7.227843
1301	7.220120
1302	7.212799
1303	7.205838
1304	7.199205
1305	7.192871
1306	7.186815
1307	7.181010
1308	7.175440
1309	7.170077
1310	7.164911
1311	7.159930
1312	7.155128
1313	7.333831
1314	6.943834
1315	6.803388
1316	6.731020
1317	6.683225
1318	6.647828
1319	6.619826
1320	6.596724
1321	6.577089
1322	6.560026
1323	6.544950
1324	6.531451
1325	6.519243
1326	6.508104
1327	6.497849
1328	6.488363
1329	6.479537
1330	6.471292
1331	6.463548
1332	6.456250
1333	6.449352
1334	6.442822
1335	6.436603
1336	6.430682
1337	6.425031
1338	6.419626
1339	6.414436
1340	6.409458
1341	6.404673
1342	6.400063
1343	6.395612
1344	6.391323
1345	6.551063
1346	6.203155
1347	6.077777
1348	6.013018
1349	5.970273
1350	5.938640
1351	5.913620
1352	5.892981
1353	5.875447
1354	5.860207
1355	5.846750
1356	5.834707
1357	5.823811
1358	5.813855
1359	5.804709
1360	5.796237
1361	5.788362
1362	5.781003
1363	5.774089
1364	5.767576
1365	5.761427
1366	5.755594
1367	5.750051
1368	5.744771
1369	5.739730
1370	5.734897
1371	5.730276
1372	5.725832
1373	5.721565
1374	5.717443
1375	5.713481
1376	5.709648
1377	5.852196
1378	5.541875
1379	5.430024
1380	5.372195
1381	5.334016
1382	5.305759
1383	5.283422
1384	5.264986
1385	5.249320
1386	5.235706
1387	5.223683
1388	5.212924
1389	5.203193
1390	5.194303
1391	5.186131
1392	5.178571
1393	5.171538
1394	5.164958
1395	5.158785
1396	5.152969
1397	5.147474
1398	5.142262
1399	5.137305
1400	5.132582
1401	5.128079
1402	5.123765
1403	5.119630
1404	5.115665
1405	5.111847
1406	5.108169
1407	5.104620
1408	5.101203
1409	5.228146
1410	4.951392
1411	4.851507
1412	4.799863
1413	4.765762
1414	4.740522
1415	4.720564
1416	4.704099
1417	4.690117
1418	4.677976
1419	4.667242
1420	4.657633
1421	4.648943
1422	4.641016
1423	4.633712
1424	4.626966
1425	4.620681
1426	4.614812
1427	4.609297
1428	4.604104
1429	4.599190
1430	4.594540
1431	4.590113
1432	4.585902
1433	4.581874
1434	4.578028
1435	4.574338
1436	4.570795
1437	4.567386
1438	4.564107
1439	4.560949
1440	4.557895
1441	4.670875
1442	4.424014
1443	4.334803
1444	4.288716
1445	4.258311
1446	4.235799
1447	4.217989
1448	4.203295
1449	4.190804
1450	4.179955
1451	4.170369
1452	4.161788
1453	4.154024
1454	4.146933
1455	4.140417
1456	4.134388
1457	4.128773
1458	4.123529
1459	4.118602
1460	4.113966
1461	4.109578
1462	4.105420
1463	4.101470
1464	4.097705
1465	4.094113
1466	4.090677
1467	4.087377
1468	4.084211
1469	4.081167
1470	4.078238
1471	4.075411
1472	4.072683
1473	4.173191
1474	3.952951
1475	3.873376
1476	3.832250
1477	3.805091
1478	3.784974
1479	3.769065
1480	3.755936
1481	3.744781
1482	3.735086
1483	3.726521
1484	3.718854
1485	3.711918
1486	3.705589
1487	3.699765
1488	3.694374
1489	3.689358
1490	3.684670
1491	3.680270
1492	3.676128
1493	3.672213
1494	3.668500
1495	3.664973
1496	3.661613
1497	3.658402
1498	3.655331
1499	3.652384
1500	3.649556
1501	3.646837
1502	3.644212
1503	3.641688
1504	3.639255
1505	3.728727
1506	3.532207
1507	3.461239
1508	3.424495
1509	3.400224
1510	3.382254
1511	3.368045
1512	3.356315
1513	3.346348
1514	3.337686
1515	3.330033
1516	3.323184
1517	3.316980
1518	3.311324
1519	3.306124
1520	3.301307
1521	3.296834
1522	3.292648
1523	3.288720
1524	3.285016
1525	3.281517
1526	3.278195
1527	3.275043
1528	3.272035
1529	3.269169
1530	3.266418
1531	3.263785
1532	3.261260
1533	3.258832
1534	3.256491
1535	3.254237
1536	3.252060
1537	3.331789
1538	3.156468
1539	3.093062
1540	3.060231
1541	3.038543
1542	3.022486
1543	3.009790
1544	2.999313
1545	2.990402
1546	2.982663
1547	2.975827
1548	2.969708
1549	2.964168
1550	2.959116
1551	2.954466
1552	2.950163
1553	2.946159
1554	2.942421
1555	2.938910
1556	2.935602
1557	2.932477
1558	2.929509
1559	2.926694
1560	2.924011
1561	2.921443
1562	2.918989
1563	2.916639
1564	2.914382
1565	2.912208
1566	2.910118
1567	2.908106
1568	2.906161
1569	2.977325
1570	2.820795
1571	2.764129
1572	2.734788
1573	2.715408
1574	2.701060
1575	2.689713
1576	2.680345
1577	2.672386
1578	2.665473
1579	2.659366
1580	2.653894
1581	2.648946
1582	2.644431
1583	2.640278
1584	2.636437
1585	2.632858
1586	2.629515
1587	2.626377
1588	2.623423
1589	2.620628
1590	2.617980
1591	2.615462
1592	2.613059
1593	2.610766
1594	2.608573
1595	2.606477
1596	2.604460
1597	2.602522
1598	2.600654
1599	2.598858
1600	2.597118
1601	2.660674
1602	2.520893
1603	2.470255
1604	2.444033
1605	2.426719
1606	2.413898
1607	2.403756
1608	2.395386
1609	2.388275
1610	2.382094
1611	2.376637
1612	2.371750
1613	2.367334
1614	2.363301
1615	2.359595
1616	2.356164
1617	2.352973
1618	2.349986
1619	2.347183
1620	2.344541
1621	2.342046
1622	2.339680
1623	2.337428
1624	2.335286
1625	2.333240
1626	2.331281
1627	2.329405
1628	2.327601
1629	2.325872
1630	2.324202
1631	2.322597
1632	2.321043
1633	2.377781
1634	2.252939
1635	2.207676
1636	2.184244
1637	2.168781
1638	2.157343
1639	2.148289
1640	2.140824
1641	2.134476
1642	2.128961
1643	2.124088
1644	2.119721
1645	2.115777
1646	2.112170
1647	2.108859
1648	2.105785
1649	2.102931
1650	2.100262
1651	2.097760
1652	2.095404
1653	2.093172
1654	2.091058
1655	2.089051
1656	2.087132
1657	2.085304
1658	2.083555
1659	2.081879
1660	2.080268
1661	2.078723
1662	2.077230
1663	2.075787
1664	2.074397
1665	2.125016
1666	2.013516
1667	1.973052
1668	1.952162
1669	1.938359
1670	1.928130
1671	1.920044
1672	1.913366
1673	1.907697
1674	1.902764
1675	1.898407
1676	1.894510
1677	1.890981
1678	1.887760
1679	1.884803
1680	1.882062
1681	1.879512
1682	1.877126
1683	1.874890
1684	1.872780
1685	1.870786
1686	1.868896
1687	1.867097
1688	1.865383
1689	1.863748
1690	1.862188
1691	1.860684
1692	1.859246
1693	1.857861
1694	1.856523
1695	1.855239
1696	1.853994
1697	1.899220
1698	1.799579
1699	1.763464
1700	1.744789
1701	1.732446
1702	1.723325
1703	1.716113
1704	1.710162
1705	1.705097
1706	1.700693
1707	1.696804
1708	1.693326
1709	1.690172
1710	1.687298
1711	1.684653
1712	1.682206
1713	1.679930
1714	1.677800
1715	1.675798
1716	1.673916
1717	1.672134
1718	1.670449
1719	1.668842
1720	1.667316
1721	1.665854
1722	1.664458
1723	1.663114
1724	1.661829
1725	1.660591
1726	1.659404
1727	1.658261
1728	1.657149
1729	1.697499
1730	1.608399
1731	1.576257
1732	1.559644
1733	1.548667
1734	1.540535
1735	1.534100
1736	1.528787
1737	1.524272
1738	1.520348
1739	1.516877
1740	1.513773
1741	1.510961
1742	1.508395
1743	1.506033
1744	1.503851
1745	1.501817
1746	1.499914
1747	1.498129
1748	1.496449
1749	1.494853
1750	1.493346
1751	1.491914
1752	1.490547
1753	1.489243
1754	1.487996
1755	1.486800
1756	1.485653
1757	1.484548
1758	1.483481
1759	1.482455
1760	1.481465
1761	1.517249
1762	1.437782
1763	1.409181
1764	1.394338
1765	1.384526
1766	1.377253
1767	1.371502
1768	1.366752
1769	1.362710
1770	1.359200
1771	1.356100
1772	1.353322
1773	1.350807
1774	1.348509
1775	1.346396
1776	1.344443
1777	1.342623
1778	1.340924
1779	1.339324
1780	1.337823
1781	1.336402
1782	1.335054
1783	1.333773
1784	1.332553
1785	1.331391
1786	1.330274
1787	1.329203
1788	1.328180
1789	1.327191
1790	1.326242
1791	1.325327
1792	1.324442
1793	1.356170
1794	1.285440
1795	1.259854
1796	1.246580
1797	1.237809
1798	1.231303
1799	1.226160
1800	1.221912
1801	1.218302
1802	1.215163
1803	1.212389
1804	1.209905
1805	1.207657
1806	1.205607
1807	1.203719
1808	1.201973
1809	1.200347
1810	1.198833
1811	1.197401
1812	1.196056
1813	1.194788
1814	1.193586
1815	1.192447
1816	1.191355
1817	1.190314
1818	1.189317
1819	1.188362
1820	1.187449
1821	1.186567
1822	1.185715
1823	1.184893
1824	1.184102
1825	1.212321
1826	1.149286
1827	1.126402
1828	1.114534
1829	1.106686
1830	1.100873
1831	1.096275
1832	1.092478
1833	1.089248
1834	1.086438
1835	1.083961
1836	1.081741
1837	1.079731
1838	1.077898
1839	1.076213
1840	1.074656
1841	1.073204
1842	1.071845
1843	1.070573
1844	1.069376
1845	1.068240
1846	1.067163
1847	1.066141
1848	1.065168
1849	1.064237
1850	1.063346
1851	1.062491
1852	1.061669
1853	1.060880
1854	1.060121
1855	1.059393
1856	1.058682
1857	1.083955
1858	1.027585
1859	1.007128
1860	0.996542
1861	0.989540
1862	0.984351
1863	0.980242
1864	0.976850
1865	0.973970
1866	0.971462
1867	0.969245
1868	0.967264
1869	0.965469
1870	0.963828
1871	0.962325
1872	0.960930
1873	0.959633
1874	0.958423
1875	0.957288
1876	0.956210
1877	0.955195
1878	0.954232
1879	0.953323
1880	0.952450
1881	0.951618
1882	0.950827
1883	0.950062
1884	0.949333
1885	0.948625
1886	0.947945
1887	0.947290
1888	0.946661
1889	0.969227
1890	0.918849
1891	0.900605
1892	0.891136
1893	0.884875
1894	0.880233
1895	0.876560
1896	0.873524
1897	0.870946
1898	0.868703
1899	0.866723
1900	0.864952
1901	0.863346
1902	0.861879
1903	0.860534
1904	0.859292
1905	0.858131
1906	0.857045
1907	0.856029
1908	0.855070
1909	0.854164
1910	0.853303
1911	0.852485
1912	0.851708
1913	0.850963
1914	0.850249
1915	0.849567
1916	0.848909
1917	0.848280
1918	0.847676
1919	0.847088
1920	0.846524
1921	0.866675
1922	0.821699
1923	0.805371
1924	0.796903
1925	0.791303
1926	0.787150
1927	0.783871
1928	0.781162
1929	0.778856
1930	0.776852
1931	0.775080
1932	0.773496
1933	0.772062
1934	0.770749
1935	0.769550
1936	0.768433
1937	0.767395
1938	0.766421
1939	0.765513
1940	0.764654
1941	0.763847
1942	0.763079
1943	0.762350
1944	0.761656
1945	0.760989
1946	0.760352
1947	0.759743
1948	0.759156
1949	0.758593
1950	0.758050
1951	0.757525
1952	0.757022
1953	0.775012
1954	0.734855
1955	0.720277
1956	0.712742
1957	0.707761
1958	0.704067
1959	0.701144
1960	0.698729
1961	0.696678
1962	0.694889
1963	0.693313
1964	0.691900
1965	0.690623
1966	0.689459
1967	0.688384
1968	0.687392
1969	0.686469
1970	0.685605
1971	0.684794
1972	0.684033
1973	0.683309
1974	0.682626
1975	0.681972
1976	0.681352
1977	0.680759
1978	0.680190
1979	0.679647
1980	0.679124
1981	0.678625
1982	0.678142
1983	0.677673
1984	0.677222
1985	0.692996
1986	0.657306
1987	0.644363
1988	0.637671
1989	0.633245
1990	0.629963
1991	0.627360
1992	0.625213
1993	0.623392
1994	0.621805
1995	0.620400
1996	0.619143
1997	0.618004
1998	0.616964
1999	0.616012
2000	0.615127
2001	0.614301
2002	0.613534
2003	0.612811
2004	0.612135
2005	0.611490
2006	0.610878
2007	0.610299
2008	0.609746
2009	0.609215
2010	0.608712
2011	0.608227
2012	0.607759
2013	0.607312
2014	0.606885
2015	0.606470
2016	0.606074
2017	0.620110
2018	0.588320
2019	0.576789
2020	0.570804
2021	0.566840
2022	0.563901
2023	0.561580
2024	0.559661
2025	0.558026
2026	0.556605
2027	0.555352
2028	0.554229
2029	0.553212
2030	0.552284
2031	0.551426
2032	0.550635
2033	0.549901
2034	0.549216
2035	0.548570
2036	0.547959
2037	0.547383
2038	0.546842
2039	0.546322
2040	0.545829
2041	0.545359
2042	0.544906
2043	0.544472
2044	0.544056
2045	0.543660
2046	0.543272
2047	0.542903
2048	0.542544
2049	0.554821
2050	0.526598
2051	0.516337
2052	0.511009
2053	0.507482
2054	0.504866
2055	0.502791
2056	0.501076
2057	0.499621
2058	0.498353
2059	0.497232
2060	0.496232
2061	0.495326
2062	0.494501
2063	0.493736
2064	0.493037
2065	0.492379
2066	0.491768
2067	0.491193
2068	0.490652
2069	0.490140
2070	0.489654
2071	0.489194
2072	0.488754
2073	0.488335
2074	0.487932
2075	0.487546
2076	0.487174
2077	0.486821
2078	0.486479
2079	0.486145
2080	0.485826
2081	0.496853
2082	0.471686
2083	0.462547
2084	0.457803
2085	0.454662
2086	0.452327
2087	0.450478
2088	0.448953
2089	0.447653
2090	0.446522
2091	0.445521
2092	0.444626
2093	0.443813
2094	0.443072
2095	0.442390
2096	0.441761
2097	0.441178
2098	0.440632
2099	0.440118
2100	0.439631
2101	0.439174
2102	0.438741
2103	0.438328
2104	0.437936
2105	0.437559
2106	0.437199
2107	0.436857
2108	0.436525
2109	0.436209
2110	0.435906
2111	0.435611
2112	0.435326
2113	0.445151
2114	0.422705
2115	0.414568
2116	0.410337
2117	0.407532
2118	0.405457
2119	0.403813
2120	0.402450
2121	0.401296
2122	0.400292
2123	0.399402
2124	0.398606
2125	0.397886
2126	0.397233
2127	0.396625
2128	0.396062
2129	0.395542
2130	0.395057
2131	0.394600
2132	0.394168
2133	0.393761
2134	0.393373
2135	0.393006
2136	0.392656
2137	0.392324
2138	0.392004
2139	0.391700
2140	0.391407
2141	0.391123
2142	0.390854
2143	0.390588
2144	0.390333
2145	0.399158
2146	0.379148
2147	0.371910
2148	0.368165
2149	0.365690
2150	0.363858
2151	0.362405
2152	0.361202
2153	0.360183
2154	0.359296
2155	0.358512
2156	0.357812
2157	0.357172
2158	0.356590
2159	0.356058
2160	0.355558
2161	0.355102
2162	0.354674
2163	0.354273
2164	0.353890
2165	0.353528
2166	0.353185
2167	0.352861
2168	0.352551
2169	0.352256
2170	0.351973
2171	0.351703
2172	0.351442
2173	0.351192
2174	0.350950
2175	0.350721
2176	0.350498
2177	0.358659
2178	0.340870
2179	0.334391
2180	0.331035
2181	0.328821
2182	0.327176
2183	0.325872
2184	0.324796
2185	0.323881
2186	0.323082
2187	0.322380
2188	0.321750
2189	0.321183
2190	0.320662
2191	0.320184
2192	0.319743
2193	0.319333
2194	0.318949
2195	0.318583
2196	0.318243
2197	0.317922
2198	0.317617
2199	0.317326
2200	0.317047
2201	0.316784
2202	0.316532
2203	0.316289
2204	0.316060
2205	0.315839
2206	0.315625
2207	0.315416
2208	0.315219
2209	0.322581
2210	0.306650
2211	0.300861
2212	0.297856
2213	0.295872
2214	0.294399
2215	0.293233
2216	0.292272
2217	0.291450
2218	0.290739
2219	0.290114
2220	0.289550
2221	0.289046
2222	0.288583
2223	0.288157
2224	0.287760
2225	0.287388
2226	0.287043
2227	0.286720
2228	0.286414
2229	0.286126
2230	0.285855
2231	0.285597
2232	0.285355
2233	0.285117
2234	0.284894
2235	0.284681
2236	0.284476
2237	0.284275
2238	0.284084
2239	0.283903
2240	0.283725
2241	0.290521
2242	0.276185
2243	0.271018
2244	0.268349
2245	0.266591
2246	0.265287
2247	0.264253
2248	0.263407
2249	0.262688
2250	0.262059
2251	0.261510
2252	0.261018
2253	0.260571
2254	0.260159
2255	0.259783
2256	0.259429
2257	0.259105
2258	0.258803
2259	0.258517
2260	0.258253
2261	0.258003
2262	0.257769
2263	0.257546
2264	0.257331
2265	0.257132
2266	0.256934
2267	0.256747
2268	0.256564
2269	0.256395
2270	0.256231
2271	0.256070
2272	0.255913
2273	0.262928
2274	0.250041
2275	0.245384
2276	0.242977
2277	0.241390
2278	0.240218
2279	0.239285
2280	0.238519
2281	0.237868
2282	0.237306
2283	0.236805
2284	0.236363
2285	0.235958
2286	0.235588
2287	0.235251
2288	0.234940
2289	0.234648
2290	0.234377
2291	0.234120
2292	0.233885
2293	0.233661
2294	0.233444
2295	0.233240
2296	0.233041
2297	0.232854
2298	0.232672
2299	0.232501
2300	0.232340
2301	0.232186
2302	0.232036
2303	0.231894
2304	0.231759
2305	0.237759
2306	0.226414
2307	0.222340
2308	0.220242
2309	0.218856
2310	0.217834
2311	0.217026
2312	0.216362
2313	0.215797
2314	0.215302
2315	0.214870
2316	0.214481
2317	0.214128
2318	0.213807
2319	0.213514
2320	0.213239
2321	0.212988
2322	0.212754
2323	0.212534
2324	0.212328
2325	0.212130
2326	0.211941
2327	0.211764
2328	0.211591
2329	0.211428
2330	0.211273
2331	0.211123
2332	0.210980
2333	0.210846
2334	0.210718
2335	0.210593
2336	0.210470
2337	0.217308
2338	0.207031
2339	0.203341
2340	0.201444
2341	0.200196
2342	0.199281
2343	0.198564
2344	0.197971
2345	0.197468
2346	0.197029
2347	0.196646
2348	0.196296
2349	0.195983
2350	0.195698
2351	0.195435
2352	0.195194
2353	0.194971
2354	0.194762
2355	0.194565
2356	0.194378
2357	0.194203
2358	0.194037
2359	0.193877
2360	0.193727
2361	0.193582
2362	0.193443
2363	0.193310
2364	0.193186
2365	0.193067
2366	0.192953
2367	0.192843
2368	0.192735
2369	0.199951
2370	0.190565
2371	0.187178
2372	0.185440
2373	0.184310
2374	0.183477
2375	0.182818
2376	0.182277
2377	0.181820
2378	0.181424
2379	0.181074
2380	0.180760
2381	0.180476
2382	0.180220
2383	0.179983
2384	0.179761
2385	0.179557
2386	0.179365
2387	0.179188
2388	0.179017
2389	0.178857
2390	0.178710
2391	0.178562
2392	0.178425
2393	0.178294
2394	0.178169
2395	0.178050
2396	0.177935
2397	0.177823
2398	0.177718
2399	0.177614
2400	0.177513
2401	0.185041
2402	0.176339
2403	0.173198
2404	0.171581
2405	0.170530
2406	0.169756
2407	0.169145
2408	0.168645
2409	0.168225
2410	0.167859
2411	0.167534
2412	0.167244
2413	0.166980
2414	0.166741
2415	0.166519
2416	0.166316
2417	0.166126
2418	0.165950
2419	0.165782
2420	0.165628
2421	0.165480
2422	0.165341
2423	0.165210
2424	0.165084
2425	0.164967
2426	0.164854
2427	0.164742
2428	0.164632
2429	0.164530
2430	0.164429
2431	0.164334
2432	0.164238
2433	0.171648
2434	0.163730
2435	0.160868
2436	0.159414
2437	0.158463
2438	0.157763
2439	0.157207
2440	0.156751
2441	0.156368
2442	0.156034
2443	0.155737
2444	0.155474
2445	0.155236
2446	0.155020
2447	0.154819
2448	0.154635
2449	0.154463
2450	0.154303
2451	0.154156
2452	0.154016
2453	0.153881
2454	0.153754
2455	0.153633
2456	0.153521
2457	0.153411
2458	0.153305
2459	0.153204
2460	0.153108
2461	0.153014
2462	0.152923
2463	0.152835
2464	0.152750
2465	0.161675
2466	0.154153
2467	0.151459
2468	0.150077
2469	0.149166
2470	0.148495
2471	0.147963
2472	0.147522
2473	0.147151
2474	0.146832
2475	0.146551
2476	0.146299
2477	0.146071
2478	0.145860
2479	0.145667
2480	0.145494
2481	0.145328
2482	0.145175
2483	0.145034
2484	0.144896
2485	0.144770
2486	0.144647
2487	0.144532
2488	0.144421
2489	0.144313
2490	0.144210
2491	0.144112
2492	0.144018
2493	0.143931
2494	0.143845
2495	0.143764
2496	0.143684
2497	0.152504
2498	0.145395
2499	0.142852
2500	0.141551
2501	0.140699
2502	0.140066
2503	0.139570
2504	0.139161
2505	0.138820
2506	0.138523
2507	0.138260
2508	0.138024
2509	0.137812
2510	0.137619
2511	0.137435
2512	0.137271
2513	0.137116
2514	0.136974
2515	0.136841
2516	0.136714
2517	0.136593
2518	0.136480
2519	0.136373
2520	0.136267
2521	0.136169
2522	0.136072
2523	0.135982
2524	0.135901
2525	0.135819
2526	0.135742
2527	0.135666
2528	0.135592
2529	0.145149
2530	0.138309
2531	0.135889
2532	0.134653
2533	0.133847
2534	0.133254
2535	0.132788
2536	0.132403
2537	0.132078
2538	0.131797
2539	0.131546
2540	0.131322
2541	0.131118
2542	0.130933
2543	0.130762
2544	0.130607
2545	0.130464
2546	0.130328
2547	0.130204
2548	0.130085
2549	0.129969
2550	0.129861
2551	0.129754
2552	0.129657
2553	0.129565
2554	0.129477
2555	0.129392
2556	0.129312
2557	0.129234
2558	0.129157
2559	0.129083
2560	0.129011
2561	0.140288
2562	0.133649
2563	0.131292
2564	0.130086
2565	0.129291
2566	0.128711
2567	0.128253
2568	0.127875
2569	0.127555
2570	0.127284
2571	0.127036
2572	0.126820
2573	0.126621
2574	0.126443
2575	0.126277
2576	0.126128
2577	0.125987
2578	0.125855
2579	0.125736
2580	0.125622
2581	0.125513
2582	0.125406
2583	0.125305
2584	0.125210
2585	0.125120
2586	0.125038
2587	0.124957
2588	0.124879
2589	0.124803
2590	0.124728
2591	0.124658
2592	0.124588
2593	0.136491
2594	0.129869
2595	0.127524
2596	0.126322
2597	0.125532
2598	0.124953
2599	0.124496
2600	0.124118
2601	0.123803
2602	0.123526
2603	0.123286
2604	0.123065
2605	0.122867
2606	0.122688
2607	0.122523
2608	0.122370
2609	0.122228
2610	0.122100
2611	0.121978
2612	0.121863
2613	0.121750
2614	0.121645
2615	0.121544
2616	0.121451
2617	0.121360
2618	0.121274
2619	0.121195
2620	0.121117
2621	0.121040
2622	0.120966
2623	0.120893
2624	0.120824
2625	0.132390
2626	0.125984
2627	0.123703
2628	0.122534
2629	0.121770
2630	0.121209
2631	0.120766
2632	0.120403
2633	0.120097
2634	0.119828
2635	0.119592
2636	0.119380
2637	0.119193
2638	0.119019
2639	0.118861
2640	0.118713
2641	0.118577
2642	0.118453
2643	0.118333
2644	0.118222
2645	0.118113
2646	0.118013
2647	0.117917
2648	0.117826
2649	0.117739
2650	0.117654
2651	0.117574
2652	0.117496
2653	0.117422
2654	0.117350
2655	0.117279
2656	0.117209
2657	0.128862
2658	0.122661
2659	0.120464
2660	0.119343
2661	0.118606
2662	0.118063
2663	0.117636
2664	0.117286
2665	0.116994
2666	0.116733
2667	0.116508
2668	0.116304
2669	0.116121
2670	0.115955
2671	0.115800
2672	0.115659
2673	0.115527
2674	0.115404
2675	0.115290
2676	0.115183
2677	0.115081
2678	0.114984
2679	0.114893
2680	0.114804
2681	0.114718
2682	0.114638
2683	0.114559
2684	0.114484
2685	0.114411
2686	0.114339
2687	0.114269
2688	0.114205
2689	0.125702
2690	0.119751
2691	0.117644
2692	0.116563
2693	0.115850
2694	0.115329
2695	0.114920
2696	0.114582
2697	0.114301
2698	0.114051
2699	0.113834
2700	0.113635
2701	0.113460
2702	0.113297
2703	0.113150
2704	0.113011
2705	0.112886
2706	0.112767
2707	0.112658
2708	0.112551
2709	0.112452
2710	0.112362
2711	0.112273
2712	0.112186
2713	0.112104
2714	0.112027
2715	0.111953
2716	0.111878
2717	0.111811
2718	0.111743
2719	0.111678
2720	0.111616
2721	0.124328
2722	0.118240
2723	0.116091
2724	0.114994
2725	0.114275
2726	0.113749
2727	0.113336
2728	0.112994
2729	0.112709
2730	0.112459
2731	0.112240
2732	0.112043
2733	0.111861
2734	0.111701
2735	0.111550
2736	0.111411
2737	0.111284
2738	0.111166
2739	0.111053
2740	0.110948
2741	0.110847
2742	0.110754
2743	0.110666
2744	0.110582
2745	0.110502
2746	0.110423
2747	0.110348
2748	0.110276
2749	0.110206
2750	0.110138
2751	0.110074
2752	0.110010
2753	0.122561
2754	0.116620
2755	0.114509
2756	0.113424
2757	0.112709
2758	0.112186
2759	0.111774
2760	0.111435
2761	0.111157
2762	0.110908
2763	0.110688
2764	0.110491
2765	0.110314
2766	0.110156
2767	0.110008
2768	0.109867
2769	0.109740
2770	0.109619
2771	0.109508
2772	0.109403
2773	0.109305
2774	0.109215
2775	0.109127
2776	0.109044
2777	0.108962
2778	0.108884
2779	0.108809
2780	0.108739
2781	0.108672
2782	0.108606
2783	0.108544
2784	0.108484
2785	0.121382
2786	0.115553
2787	0.113481
2788	0.112417
2789	0.111718
2790	0.111205
2791	0.110800
2792	0.110466
2793	0.110191
2794	0.109948
2795	0.109729
2796	0.109537
2797	0.109362
2798	0.109205
2799	0.109057
2800	0.108919
2801	0.108796
2802	0.108677
2803	0.108568
2804	0.108468
2805	0.108371
2806	0.108281
2807	0.108192
2808	0.108107
2809	0.108027
2810	0.107950
2811	0.107879
2812	0.107807
2813	0.107741
2814	0.107678
2815	0.107618
2816	0.107557
2817	0.121378
2818	0.115547
2819	0.113476
2820	0.112410
2821	0.111710
2822	0.111197
2823	0.110792
2824	0.110457
2825	0.110180
2826	0.109937
2827	0.109718
2828	0.109526
2829	0.109351
2830	0.109193
2831	0.109045
2832	0.108908
2833	0.108784
2834	0.108665
2835	0.108556
2836	0.108456
2837	0.108359
2838	0.108269
2839	0.108180
2840	0.108096
2841	0.108015
2842	0.107937
2843	0.107866
2844	0.107794
2845	0.107729
2846	0.107666
2847	0.107605
2848	0.107544
2849	0.121378
2850	0.115547
2851	0.113476
2852	0.112410
2853	0.111710
2854	0.111197
2855	0.110792
2856	0.110457
2857	0.110180
2858	0.109937
2859	0.109718
2860	0.109526
2861	0.109351
2862	0.109193
2863	0.109045
2864	0.108908
2865	0.108784
2866	0.108665
2867	0.108556
2868	0.108456
2869	0.108359
2870	0.108269
2871	0.108180
2872	0.108096
2873	0.108015
2874	0.107937
2875	0.107866
2876	0.107794
2877	0.107729
2878	0.107666
2879	0.107605
2880	0.107544
2881	0.121378
2882	0.115547
2883	0.113476
2884	0.112410
2885	0.111710
2886	0.111197
2887	0.110792
2888	0.110457
2889	0.110180
2890	0.109937
2891	0.109718
2892	0.109526
2893	0.109351
2894	0.109193
2895	0.109045
2896	0.108908
2897	0.108784
2898	0.108665
2899	0.108556
2900	0.108456
2901	0.108359
2902	0.108269
2903	0.108180
2904	0.108096
2905	0.108015
2906	0.107937
2907	0.107866
2908	0.107794
2909	0.107729
2910	0.107666
2911	0.107605
2912	0.107544
2913	0.121378
2914	0.115547
2915	0.113476
2916	0.112410
2917	0.111710
2918	0.111197
2919	0.110792
2920	0.110457
2921	0.110180
2922	0.109937
2923	0.109718
2924	0.109526
2925	0.109351
2926	0.109193
2927	0.109045
2928	0.108908
2929	0.108784
2930	0.108665
2931	0.108556
2932	0.108456
2933	0.108359
2934	0.108269
2935	0.108180
2936	0.108096
2937	0.108015
2938	0.107937
2939	0.107866
2940	0.107794
2941	0.107729
2942	0.107666
2943	0.107605
2944	0.107544
2945	0.121378
2946	0.115547
2947	0.113476
2948	0.112410
2949	0.111710
2950	0.111197
2951	0.110792
2952	0.110457
2953	0.110180
2954	0.109937
2955	0.109718
2956	0.109526
2957	0.109351
2958	0.109193
2959	0.109045
2960	0.108908
2961	0.108784
2962	0.108665
2963	0.108556
2964	0.108456
2965	0.108359
2966	0.108269
2967	0.108180
2968	0.108096
2969	0.108015
2970	0.107937
2971	0.107866
2972	0.107794
2973	0.107729
2974	0.107666
2975	0.107605
2976	0.107544
2977	0.121378
2978	0.115547
2979	0.113476
2980	0.112410
2981	0.111710
2982	0.111197
2983	0.110792
2984	0.110457
2985	0.110180
2986	0.109937
2987	0.109718
2988	0.109526
2989	0.109351
2990	0.109193
2991	0.109045
2992	0.108908
2993	0.108784
2994	0.108665
2995	0.108556
2996	0.108456
2997	0.108359
2998	0.108269
2999	0.108180
3000	0.108096
3001	0.108015
3002	0.107937
3003	0.107866
3004	0.107794
3005	0.107729
3006	0.107666
3007	0.107605
3008	0.107544
3009	0.121378
3010	0.115547
3011	0.113476
3012	0.112410
3013	0.111710
3014	0.111197
3015	0.110792
3016	0.110457
3017	0.110180
3018	0.109937
3019	0.109718
3020	0.109526
3021	0.109351
3022	0.109193
3023	0.109045
3024	0.108908
3025	0.108784
3026	0.108665
3027	0.108556
3028	0.108456
3029	0.108359
3030	0.108269
3031	0.108180
3032	0.108096
3033	0.108015
3034	0.107937
3035	0.107866
3036	0.107794
3037	0.107729
3038	0.107666
3039	0.107605
3040	0.107544
3041	0.121378
3042	0.115547
3043	0.113476
3044	0.112410
3045	0.111710
3046	0.111197
3047	0.110792
3048	0.110457
3049	0.110180
3050	0.109937
3051	0.109718
3052	0.109526
3053	0.109351
3054	0.109193
3055	0.109045
3056	0.108908
3057	0.108784
3058	0.108665
3059	0.108556
3060	0.108456
3061	0.108359
3062	0.108269
3063	0.108180
3064	0.108096
3065	0.108015
3066	0.107937
3067	0.107866
3068	0.107794
3069	0.107729
3070	0.107666
3071	0.107605
3072	0.107544
3073	0.121378
3074	0.115547
3075	0.113476
3076	0.112410
3077	0.111710
3078	0.111197
3079	0.110792
3080	0.110457
3081	0.110180
3082	0.109937
3083	0.109718
3084	0.109526
3085	0.109351
3086	0.109193
3087	0.109045
3088	0.108908
3089	0.108784
3090	0.108665
3091	0.108556
3092	0.108456
3093	0.108359
3094	0.108269
3095	0.108180
3096	0.108096
3097	0.108015
3098	0.107937
3099	0.107866
3100	0.107794
3101	0.107729
3102	0.107666
3103	0.107605
3104	0.107544
3105	0.121378
3106	0.115547
3107	0.113476
3108	0.112410
3109	0.111710
3110	0.111197
3111	0.110792
3112	0.110457
3113	0.110180
3114	0.109937
3115	0.109718
3116	0.109526
3117	0.109351
3118	0.109193
3119	0.109045
3120	0.108908
3121	0.108784
3122	0.108665
3123	0.108556
3124	0.108456
3125	0.108359
3126	0.108269
3127	0.108180
3128	0.108096
3129	0.108015
3130	0.107937
3131	0.107866
3132	0.107794
3133	0.107729
3134	0.107666
3135	0.107605
3136	0.107544
3137	0.121378
3138	0.115547
3139	0.113476
3140	0.112410
3141	0.111710
3142	0.111197
3143	0.110792
3144	0.110457
3145	0.110180
3146	0.109937
3147	0.109718
3148	0.109526
3149	0.109351
3150	0.109193
3151	0.109045
3152	0.108908
3153	0.108784
3154	0.108665
3155	0.108556
3156	0.108456
3157	0.108359
3158	0.108269
3159	0.108180
3160	0.108096
3161	0.108015
3162	0.107937
3163	0.107866
3164	0.107794
3165	0.107729
3166	0.107666
3167	0.107605
3168	0.107544
3169	0.121378
3170	0.115547
3171	0.113476
3172	0.112410
3173	0.111710
3174	0.111197
3175	0.110792
3176	0.110457
3177	0.110180
3178	0.109937
3179	0.109718
3180	0.109526
3181	0.109351
3182	0.109193
3183	0.109045
3184	0.108908
3185	0.108784
3186	0.108665
3187	0.108556
3188	0.108456
3189	0.108359
3190	0.108269
3191	0.108180
3192	0.108096
3193	0.108015
3194	0.107937
3195	0.107866
3196	0.107794
3197	0.107729
3198	0.107666
3199	0.107605
3200	0.107544
3201	0.121378
3202	0.115547
3203	0.113476
3204	0.112410
3205	0.111710
3206	0.111197
3207	0.110792
3208	0.110457
3209	0.110180
3210	0.109937
3211	0.109718
3212	0.109526
3213	0.109351
3214	0.109193
3215	0.109045
3216	0.108908
3217	0.108784
3218	0.108665
3219	0.108556
3220	0.108456
3221	0.108359
3222	0.108269
3223	0.108180
3224	0.108096
3225	0.108015
3226	0.107937
3227	0.107866
3228	0.107794
3229	0.107729
3230	0.107666
3231	0.107605
3232	0.107544
3233	0.121378
3234	0.115547
3235	0.113476
3236	0.112410
3237	0.111710
3238	0.111197
3239	0.110792
3240	0.110457
3241	0.110180
3242	0.109937
3243	0.109718
3244	0.109526
3245	0.109351
3246	0.109193
3247	0.109045
3248	0.108908
3249	0.108784
3250	0.108665
3251	0.108556
3252	0.108456
3253	0.108359
3254	0.108269
3255	0.108180
3256	0.108096
3257	0.108015
3258	0.107937
3259	0.107866
3260	0.107794
3261	0.107729
3262	0.107666
3263	0.107605
3264	0.107544
3265	0.121378
3266	0.115547
3267	0.113476
3268	0.112410
3269	0.111710
3270	0.111197
3271	0.110792
3272	0.110457
3273	0.110180
3274	0.109937
3275	0.109718
3276	0.109526
3277	0.109351
3278	0.109193
3279	0.109045
3280	0.108908
3281	0.108784
3282	0.108665
3283	0.108556
3284	0.108456
3285	0.108359
3286	0.108269
3287	0.108180
3288	0.108096
3289	0.108015
3290	0.107937
3291	0.107866
3292	0.107794
3293	0.107729
3294	0.107666
3295	0.107605
3296	0.107544
