1	3262.360840
2	2794.796875
3	2661.125000
4	2592.217773
5	2546.461426
6	2512.452148
7	2485.494873
8	2463.232422
9	2444.307129
10	2427.863770
11	2413.347412
12	2400.378418
13	2388.652100
14	2377.956055
15	2368.140625
16	2359.068848
17	2350.634521
18	2342.766357
19	2335.385254
20	2328.443115
21	2321.886719
22	2315.690674
23	2309.800537
24	2304.199951
25	2298.848633
26	2293.744141
27	2288.855225
28	2284.175293
29	2279.674072
30	2275.337158
31	2271.171143
32	2267.138672
33	1478.197021
34	1334.917847
35	1287.124023
36	1261.338135
37	1243.828491
38	1230.620728
39	1220.046997
40	1211.242554
41	1203.704468
42	1197.121948
43	1191.283203
44	1186.038818
45	1181.286133
46	1176.937134
47	1172.926147
48	1169.215210
49	1165.754883
50	1162.519409
51	1159.478149
52	1156.611816
53	1153.901367
54	1151.326782
55	1148.938354
56	1146.682251
57	1144.527466
58	1142.468018
59	1140.488159
60	1138.589966
61	1136.760132
62	1135.001831
63	1133.302490
64	1131.664917
65	513.759277
66	368.853638
67	336.375549
68	320.869446
69	311.964142
70	305.350342
71	300.114716
72	295.796448
73	292.131927
74	288.952850
75	286.149902
76	283.648163
77	281.389374
78	279.333588
79	277.480896
80	275.788452
81	274.218750
82	272.754028
83	271.381104
84	270.091583
85	268.874146
86	267.723663
87	266.631653
88	265.593262
89	264.604065
90	263.658691
91	262.755463
92	261.889771
93	261.058594
94	260.259583
95	259.490356
96	258.748627
97	790.783691
98	464.447144
99	419.248199
100	403.187500
101	393.152588
102	385.978790
103	380.458130
104	376.010406
105	372.305450
106	369.144165
107	366.398041
108	363.975342
109	361.814514
110	359.906677
111	358.244995
112	356.723083
113	355.321472
114	354.020538
115	352.810028
116	351.678955
117	350.618469
118	349.619598
119	348.741455
120	348.073486
121	347.440796
122	346.837494
123	346.263306
124	345.714355
125	345.190552
126	344.688110
127	344.206329
128	343.742432
129	1034.663818
130	613.559509
131	526.173157
132	488.285767
133	464.652618
134	447.792480
135	434.844849
136	424.417969
137	415.741058
138	408.342010
139	401.914703
140	396.247864
141	391.193054
142	386.638367
143	382.500275
144	378.713745
145	375.226685
146	372.000885
147	369.001526
148	366.199860
149	363.574524
150	361.105804
151	358.778168
152	356.575806
153	354.488556
154	352.504822
155	350.615936
156	348.813782
157	347.091949
158	345.443634
159	343.862549
160	342.344208
161	1169.264282
162	1003.968994
163	954.750916
164	929.604675
165	913.920959
166	902.217773
167	892.918152
168	885.220581
169	878.667664
170	872.969421
171	867.933472
172	863.423401
173	859.348022
174	855.629761
175	852.210815
176	849.060303
177	846.164429
178	843.459778
179	840.921692
180	838.533813
181	836.281189
182	834.144531
183	832.119141
184	830.186462
185	828.345398
186	826.583313
187	824.895996
188	823.278992
189	821.726379
190	820.227783
191	818.788391
192	817.399353
193	1571.529663
194	1414.931763
195	1360.483032
196	1331.164429
197	1311.298828
198	1296.339233
199	1284.373657
200	1274.419067
201	1265.909668
202	1258.484009
203	1251.901367
204	1245.998657
205	1240.642822
206	1235.746704
207	1231.242676
208	1227.066772
209	1223.183105
210	1219.549805
211	1216.134277
212	1212.916626
213	1209.875732
214	1206.993408
215	1204.251953
216	1201.641479
217	1199.144165
218	1196.758789
219	1194.478149
220	1192.280029
221	1190.171509
222	1188.140503
223	1186.180786
224	1184.287476
225	1575.828979
226	1418.188721
227	1363.729370
228	1334.536499
229	1314.753052
230	1299.859375
231	1287.944946
232	1278.036621
233	1269.562622
234	1262.171631
235	1255.620972
236	1249.740112
237	1244.405518
238	1239.535522
239	1235.048706
240	1230.891479
241	1227.023438
242	1223.404297
243	1220.008545
244	1216.804077
245	1213.774170
246	1210.905151
247	1208.178711
248	1205.579468
249	1203.093628
250	1200.719849
251	1198.446167
252	1196.260132
253	1194.160400
254	1192.138428
255	1190.187988
256	1188.308960
257	1191.177368
258	1079.240479
259	1038.896118
260	1017.034546
261	1002.180725
262	990.976013
263	982.003052
264	974.533813
265	968.139648
266	962.560791
267	957.612732
268	953.168640
269	949.139771
270	945.454163
271	942.061829
272	938.918030
273	935.991821
274	933.252563
275	930.677002
276	928.254883
277	925.964111
278	923.789185
279	921.721985
280	919.751160
281	917.873413
282	916.071106
283	914.346863
284	912.690247
285	911.097107
286	909.565491
287	908.087952
288	906.660156
289	626.004944
290	567.643311
291	546.490356
292	535.019531
293	527.220703
294	521.336975
295	516.624390
296	512.700134
297	509.341614
298	506.411102
299	503.809723
300	501.477051
301	499.358337
302	497.424347
303	495.640228
304	493.988098
305	492.449432
306	491.010223
307	489.658783
308	488.383759
309	487.179413
310	486.036896
311	484.951477
312	483.915771
313	482.928070
314	481.982483
315	481.076111
316	480.205231
317	479.368286
318	478.562592
319	477.785706
320	477.035706
321	66.263084
322	58.176735
323	55.506630
324	54.100632
325	53.159054
326	52.456093
327	51.901123
328	51.441643
329	51.050392
330	50.710144
331	50.409355
332	50.140251
333	49.896893
334	49.674801
335	49.470688
336	49.282074
337	49.106743
338	48.942955
339	48.789497
340	48.644890
341	48.508484
342	48.379250
343	48.256535
344	48.139782
345	48.028564
346	47.922142
347	47.820244
348	47.722473
349	47.628590
350	47.538387
351	47.451439
352	47.367512
353	376.731140
354	330.362030
355	315.513550
356	307.764801
357	302.599243
358	298.753357
359	295.701813
360	293.180603
361	291.037079
362	289.184784
363	287.570038
364	286.126648
365	284.822083
366	283.633057
367	282.541260
368	281.531769
369	280.594421
370	279.719604
371	278.899414
372	278.128326
373	277.399719
374	276.710785
375	276.056610
376	275.433838
377	274.840118
378	274.273254
379	273.730316
380	273.210358
381	272.710297
382	272.229218
383	271.766266
384	271.319946
385	510.770935
386	382.576111
387	360.825958
388	350.777893
389	344.499512
390	340.522278
391	337.529144
392	335.195190
393	333.275574
394	331.715057
395	330.518799
396	329.466278
397	328.528534
398	327.684998
399	326.919342
400	326.219482
401	325.575745
402	324.981262
403	324.429047
404	323.913727
405	323.431427
406	322.978119
407	322.550964
408	322.147675
409	321.765320
410	321.402191
411	321.057190
412	320.728180
413	320.413452
414	320.112946
415	319.824768
416	319.548157
417	377.564178
418	270.488800
419	255.609955
420	250.129868
421	246.560104
422	243.944077
423	242.145737
424	240.665115
425	239.409531
426	238.321472
427	237.362808
428	236.507263
429	235.735275
430	235.032425
431	234.387863
432	233.792938
433	233.240707
434	232.725845
435	232.243759
436	231.790710
437	231.363190
438	230.958817
439	230.608978
440	230.300125
441	230.005798
442	229.724426
443	229.454697
444	229.196411
445	228.948029
446	228.709076
447	228.479004
448	228.256729
449	331.351746
450	216.900726
451	192.803833
452	181.787292
453	175.299957
454	171.296082
455	168.327194
456	165.906082
457	163.869736
458	162.117630
459	160.583664
460	159.221786
461	157.999023
462	156.891159
463	155.879303
464	154.949127
465	154.088974
466	153.289566
467	152.543396
468	151.843933
469	151.186325
470	150.566101
471	149.979034
472	149.422333
473	148.893250
474	148.388962
475	147.907684
476	147.447342
477	147.006348
478	146.583405
479	146.176910
480	145.785706
481	291.541077
482	247.796799
483	236.726105
484	232.055222
485	229.122696
486	226.942780
487	225.215759
488	223.789459
489	222.577133
490	221.557159
491	220.706253
492	219.944931
493	219.255920
494	218.628067
495	218.050903
496	217.517212
497	217.021164
498	216.558105
499	216.123825
500	215.714935
501	215.328873
502	214.963486
503	214.616470
504	214.286148
505	213.970963
506	213.669830
507	213.381546
508	213.104935
509	212.839172
510	212.583405
511	212.337112
512	212.099701
513	377.618256
514	307.432373
515	300.760956
516	299.423157
517	298.375031
518	297.520020
519	296.798492
520	296.174774
521	295.625092
522	295.133331
523	294.689209
524	294.283234
525	293.910248
526	293.564270
527	293.242218
528	292.940948
529	292.657654
530	292.390442
531	292.137238
532	291.897583
533	291.669067
534	291.451019
535	291.242767
536	291.043121
537	290.851562
538	290.667603
539	290.490051
540	290.319366
541	290.154053
542	289.994843
543	289.840454
544	289.690796
545	410.667938
546	369.854218
547	356.547424
548	349.732483
549	345.232697
550	341.903259
551	339.273804
552	337.109222
553	335.274292
554	333.684875
555	332.284729
556	331.035431
557	329.908691
558	328.884338
559	327.961212
560	327.117920
561	326.344330
562	325.626923
563	324.956360
564	324.325928
565	323.731079
566	323.168365
567	322.634796
568	322.127136
569	321.643280
570	321.181366
571	320.739044
572	320.315155
573	319.908325
574	319.517242
575	319.140533
576	318.777252
577	446.467682
578	370.071472
579	352.310333
580	343.829987
581	338.316040
582	334.272827
583	331.101105
584	328.501465
585	326.306335
586	324.410278
587	322.744781
588	321.261475
589	319.926147
590	318.712769
591	317.601746
592	316.578125
593	315.663086
594	314.818146
595	314.026886
596	313.283844
597	312.582947
598	311.920258
599	311.291687
600	310.694702
601	310.125092
602	309.582001
603	309.062256
604	308.564331
605	308.086426
606	307.627167
607	307.185211
608	306.759033
609	348.396393
610	293.055450
611	279.441193
612	272.855927
613	268.628662
614	265.920166
615	263.856110
616	262.157654
617	260.725220
618	259.488220
619	258.403625
620	257.439392
621	256.575348
622	255.790482
623	255.072647
624	254.411194
625	253.797958
626	253.227203
627	252.692566
628	252.192307
629	251.722031
630	251.276657
631	250.854782
632	250.453125
633	250.070679
634	249.705017
635	249.354980
636	249.019684
637	248.698242
638	248.389099
639	248.091354
640	247.803940
641	264.336548
642	219.284088
643	207.733429
644	201.942230
645	198.181778
646	195.431717
647	193.266022
648	191.489868
649	189.999802
650	188.719803
651	187.597305
652	186.601395
653	185.704498
654	184.891800
655	184.149506
656	183.465866
657	182.852158
658	182.292892
659	181.768845
660	181.278839
661	180.817734
662	180.383087
663	179.971481
664	179.581558
665	179.210495
666	178.857391
667	178.520325
668	178.197403
669	177.888199
670	177.591034
671	177.304947
672	177.030228
673	200.163284
674	164.104599
675	154.656799
676	149.963165
677	146.822815
678	144.456146
679	142.549927
680	140.952423
681	139.575562
682	138.366699
683	137.289154
684	136.317307
685	135.442200
686	134.637802
687	133.892761
688	133.198639
689	132.549545
690	131.941422
691	131.376190
692	130.845810
693	130.346878
694	129.876846
695	129.437424
696	129.016983
697	128.614365
698	128.231857
699	127.865952
700	127.514549
701	127.176140
702	126.852943
703	126.541344
704	126.248711
705	139.196259
706	110.290710
707	102.634537
708	98.928810
709	96.574677
710	94.880028
711	93.553886
712	92.472351
713	91.564194
714	90.789955
715	90.109848
716	89.504654
717	88.959908
718	88.463860
719	88.009537
720	87.590614
721	87.202393
722	86.840652
723	86.501938
724	86.183479
725	85.883575
726	85.599617
727	85.330086
728	85.074020
729	84.830009
730	84.597122
731	84.374405
732	84.163940
733	83.961937
734	83.767838
735	83.582970
736	83.405777
737	141.819214
738	114.766029
739	107.282181
740	103.526688
741	101.067390
742	99.261383
743	97.856697
744	96.710144
745	95.744781
746	94.912422
747	94.181396
748	93.532661
749	92.947578
750	92.418045
751	91.934105
752	91.489716
753	91.077553
754	90.693665
755	90.334511
756	89.997154
757	89.679268
758	89.379433
759	89.096039
760	88.827118
761	88.570854
762	88.326553
763	88.093941
764	87.871826
765	87.658844
766	87.454788
767	87.258682
768	87.069801
769	135.850830
770	113.468346
771	106.916756
772	103.615059
773	101.435165
774	99.816383
775	98.538353
776	97.482376
777	96.585922
778	95.808029
779	95.121330
780	94.507545
781	93.953407
782	93.448105
783	92.983864
784	92.554825
785	92.156136
786	91.784332
787	91.435837
788	91.108322
789	90.798988
790	90.506233
791	90.229675
792	89.966675
793	89.716003
794	89.476555
795	89.247498
796	89.027786
797	88.816971
798	88.614189
799	88.418915
800	88.230652
801	95.202721
802	82.670410
803	78.527107
804	76.361954
805	74.912956
806	73.830330
807	72.969368
808	72.257431
809	71.651688
810	71.124405
811	70.658142
812	70.240387
813	69.862343
814	69.517563
815	69.200798
816	68.907898
817	68.635574
818	68.381393
819	68.142975
820	67.918510
821	67.706490
822	67.505699
823	67.314941
824	67.133430
825	66.960365
826	66.795158
827	66.636986
828	66.485222
829	66.339401
830	66.199120
831	66.064064
832	65.933815
833	61.196976
834	52.568871
835	49.730114
836	48.239017
837	47.241634
838	46.496361
839	45.904861
840	45.416271
841	45.000275
842	44.638962
843	44.320137
844	44.035294
845	43.777580
846	43.542496
847	43.326344
848	43.126568
849	42.940834
850	42.767349
851	42.604679
852	42.451767
853	42.307831
854	42.171566
855	42.042324
856	41.919323
857	41.802055
858	41.689854
859	41.582600
860	41.479832
861	41.381100
862	41.286087
863	41.194702
864	41.106556
865	48.132172
866	39.236942
867	36.500004
868	35.101818
869	34.181290
870	33.502411
871	32.966400
872	32.524918
873	32.150211
874	31.825850
875	31.540644
876	31.286053
877	31.056225
878	30.847256
879	30.655994
880	30.480230
881	30.317247
882	30.165239
883	30.022881
884	29.889236
885	29.763374
886	29.644337
887	29.531525
888	29.424343
889	29.322231
890	29.224720
891	29.131399
892	29.041992
893	28.956245
894	28.873810
895	28.794514
896	28.718147
897	37.958054
898	31.926975
899	30.061359
900	29.098886
901	28.461493
902	27.992962
903	27.621986
904	27.316246
905	27.057137
906	26.832132
907	26.633598
908	26.456108
909	26.295973
910	26.150251
911	26.016514
912	25.893282
913	25.778862
914	25.672022
915	25.571918
916	25.477783
917	25.388958
918	25.304863
919	25.225050
920	25.149166
921	25.076960
922	25.008013
923	24.942062
924	24.878895
925	24.818289
926	24.760017
927	24.703957
928	24.649881
929	42.167862
930	37.136143
931	35.443897
932	34.546341
933	33.943626
934	33.492512
935	33.134060
936	32.837132
937	32.584702
938	32.365227
939	32.171135
940	31.997305
941	31.840061
942	31.696512
943	31.564701
944	31.442787
945	31.329437
946	31.223728
947	31.124584
948	31.031189
949	30.942989
950	30.859529
951	30.780210
952	30.704704
953	30.632685
954	30.563913
955	30.498028
956	30.434883
957	30.374269
958	30.315899
959	30.259661
960	30.205399
961	40.588100
962	36.450027
963	35.010536
964	34.239510
965	33.717838
966	33.325779
967	33.012665
968	32.752369
969	32.529984
970	32.336182
971	32.164688
972	32.010929
973	31.871662
974	31.744350
975	31.627216
976	31.518780
977	31.417854
978	31.323521
979	31.234909
980	31.151398
981	31.072536
982	30.997808
983	30.926828
984	30.859190
985	30.794636
986	30.732931
987	30.673737
988	30.616945
989	30.562368
990	30.509863
991	30.459183
992	30.410305
993	34.644909
994	31.188700
995	29.976507
996	29.326775
997	28.887049
998	28.556519
999	28.292339
1000	28.072685
1001	27.885000
1002	27.721308
1003	27.576279
1004	27.446173
1005	27.328304
1006	27.220535
1007	27.121399
1008	27.029640
1009	26.944214
1010	26.864300
1011	26.789320
1012	26.718676
1013	26.651875
1014	26.588568
1015	26.528391
1016	26.471071
1017	26.416363
1018	26.364006
1019	26.313848
1020	26.265728
1021	26.219467
1022	26.174921
1023	26.131996
1024	26.090582
1025	24.826620
1026	22.186836
1027	21.268553
1028	20.777048
1029	20.445210
1030	20.195864
1031	19.996817
1032	19.831518
1033	19.690353
1034	19.567343
1035	19.458385
1036	19.360765
1037	19.272320
1038	19.191509
1039	19.117191
1040	19.048367
1041	18.984350
1042	18.924519
1043	18.868397
1044	18.815510
1045	18.765511
1046	18.718180
1047	18.673174
1048	18.630329
1049	18.589439
1050	18.550320
1051	18.512848
1052	18.476921
1053	18.442381
1054	18.409103
1055	18.377092
1056	18.346157
1057	13.870125
1058	12.248737
1059	11.694971
1060	11.402136
1061	11.205961
1062	11.059097
1063	10.942301
1064	10.845436
1065	10.762842
1066	10.691005
1067	10.627531
1068	10.570661
1069	10.519215
1070	10.472254
1071	10.429052
1072	10.389117
1073	10.352022
1074	10.317360
1075	10.284868
1076	10.254286
1077	10.225388
1078	10.198019
1079	10.172008
1080	10.147263
1081	10.123657
1082	10.101078
1083	10.079454
1084	10.058701
1085	10.038795
1086	10.019631
1087	10.001163
1088	9.983355
1089	10.088253
1090	9.052386
1091	8.698492
1092	8.511662
1093	8.386035
1094	8.292204
1095	8.217546
1096	8.155594
1097	8.102764
1098	8.056816
1099	8.016335
1100	7.980088
1101	7.947279
1102	7.917340
1103	7.889841
1104	7.864374
1105	7.840739
1106	7.818662
1107	7.797969
1108	7.778521
1109	7.760154
1110	7.742772
1111	7.726288
1112	7.710608
1113	7.695652
1114	7.681381
1115	7.667683
1116	7.654541
1117	7.641912
1118	7.629753
1119	7.618039
1120	7.606744
1121	14.236904
1122	13.031898
1123	12.600683
1124	12.367777
1125	12.209650
1126	12.090873
1127	11.995924
1128	11.916846
1129	11.849184
1130	11.790096
1131	11.737807
1132	11.690853
1133	11.648268
1134	11.609309
1135	11.573456
1136	11.540206
1137	11.509245
1138	11.480335
1139	11.453157
1140	11.427567
1141	11.403345
1142	11.380478
1143	11.358760
1144	11.338031
1145	11.318255
1146	11.299350
1147	11.281227
1148	11.263834
1149	11.247114
1150	11.231020
1151	11.215505
1152	11.200521
1153	16.990009
1154	15.597100
1155	15.093668
1156	14.821096
1157	14.635928
1158	14.496534
1159	14.384983
1160	14.292382
1161	14.213195
1162	14.144039
1163	14.082690
1164	14.027577
1165	13.977594
1166	13.931849
1167	13.889715
1168	13.850672
1169	13.814350
1170	13.780382
1171	13.748478
1172	13.718408
1173	13.689978
1174	13.663006
1175	13.637342
1176	13.612891
1177	13.589542
1178	13.567204
1179	13.545765
1180	13.525240
1181	13.505556
1182	13.486610
1183	13.468357
1184	13.450735
1185	16.444485
1186	15.152730
1187	14.685282
1188	14.431823
1189	14.260152
1190	14.130488
1191	14.026947
1192	13.940748
1193	13.866936
1194	13.802550
1195	13.745462
1196	13.694216
1197	13.647755
1198	13.605237
1199	13.566116
1200	13.529979
1201	13.496337
1202	13.464842
1203	13.435268
1204	13.407351
1205	13.380976
1206	13.355949
1207	13.332160
1208	13.309481
1209	13.287796
1210	13.267071
1211	13.247204
1212	13.228114
1213	13.209766
1214	13.192122
1215	13.175089
1216	13.158659
1217	13.343384
1218	12.407402
1219	12.069916
1220	11.887096
1221	11.762827
1222	11.669149
1223	11.594156
1224	11.531919
1225	11.478613
1226	11.432187
1227	11.391011
1228	11.353983
1229	11.320411
1230	11.289661
1231	11.261326
1232	11.235065
1233	11.210598
1234	11.187698
1235	11.166171
1236	11.145882
1237	11.126699
1238	11.108514
1239	11.091225
1240	11.074747
1241	11.058994
1242	11.043939
1243	11.029513
1244	11.015660
1245	11.002357
1246	10.989531
1247	10.977148
1248	10.965208
1249	9.386832
1250	8.852766
1251	8.657997
1252	8.552656
1253	8.480995
1254	8.426791
1255	8.383314
1256	8.347118
1257	8.316088
1258	8.289097
1259	8.265205
1260	8.243807
1261	8.224398
1262	8.206655
1263	8.190325
1264	8.175167
1265	8.161051
1266	8.147856
1267	8.135426
1268	8.123695
1269	8.112631
1270	8.102139
1271	8.092152
1272	8.082631
1273	8.073545
1274	8.064844
1275	8.056499
1276	8.048477
1277	8.040764
1278	8.033338
1279	8.026177
1280	8.019260
1281	6.704811
1282	6.382214
1283	6.266389
1284	6.203754
1285	6.161120
1286	6.128965
1287	6.103244
1288	6.081840
1289	6.063512
1290	6.047547
1291	6.033365
1292	6.020620
1293	6.009037
1294	5.998429
1295	5.988654
1296	5.979614
1297	5.971181
1298	5.963294
1299	5.955869
1300	5.948876
1301	5.942259
1302	5.935981
1303	5.930020
1304	5.924344
1305	5.918911
1306	5.913719
1307	5.908745
1308	5.903968
1309	5.899377
1310	5.894954
1311	5.890691
1312	5.886586
1313	6.786770
1314	6.390976
1315	6.248240
1316	6.171417
1317	6.119364
1318	6.080228
1319	6.048871
1320	6.022768
1321	6.000427
1322	5.980984
1323	5.963748
1324	5.948276
1325	5.934249
1326	5.921437
1327	5.909624
1328	5.898683
1329	5.888478
1330	5.878943
1331	5.869978
1332	5.861549
1333	5.853577
1334	5.845999
1335	5.838811
1336	5.831959
1337	5.825408
1338	5.819150
1339	5.813151
1340	5.807377
1341	5.801842
1342	5.796510
1343	5.791382
1344	5.786424
1345	7.820615
1346	7.312166
1347	7.126826
1348	7.026371
1349	6.958083
1350	6.906532
1351	6.865219
1352	6.830788
1353	6.801311
1354	6.775543
1355	6.752674
1356	6.732140
1357	6.713532
1358	6.696496
1359	6.680833
1360	6.666317
1361	6.652778
1362	6.640115
1363	6.628211
1364	6.616984
1365	6.606389
1366	6.596318
1367	6.586758
1368	6.577630
1369	6.568917
1370	6.560580
1371	6.552590
1372	6.544919
1373	6.537523
1374	6.530404
1375	6.523546
1376	6.516930
1377	7.846865
1378	7.300625
1379	7.102321
1380	6.994710
1381	6.921471
1382	6.866180
1383	6.821843
1384	6.784922
1385	6.753337
1386	6.725737
1387	6.701226
1388	6.679244
1389	6.659302
1390	6.641083
1391	6.624265
1392	6.608700
1393	6.594203
1394	6.580663
1395	6.567937
1396	6.555952
1397	6.544614
1398	6.533855
1399	6.523612
1400	6.513868
1401	6.504546
1402	6.495628
1403	6.487081
1404	6.478861
1405	6.470950
1406	6.463345
1407	6.456015
1408	6.448956
1409	6.773950
1410	6.277371
1411	6.096065
1412	5.997418
1413	5.930345
1414	5.879621
1415	5.838916
1416	5.804977
1417	5.775921
1418	5.750548
1419	5.728045
1420	5.707821
1421	5.689463
1422	5.672673
1423	5.657215
1424	5.642889
1425	5.629536
1426	5.617038
1427	5.605291
1428	5.594228
1429	5.583754
1430	5.573821
1431	5.564376
1432	5.555375
1433	5.546781
1434	5.538561
1435	5.530684
1436	5.523106
1437	5.515850
1438	5.508860
1439	5.502108
1440	5.495585
1441	4.922744
1442	4.553071
1443	4.417277
1444	4.343208
1445	4.292673
1446	4.254460
1447	4.223814
1448	4.198269
1449	4.176387
1450	4.157280
1451	4.140324
1452	4.125089
1453	4.111256
1454	4.098595
1455	4.086925
1456	4.076112
1457	4.066027
1458	4.056602
1459	4.047737
1460	4.039391
1461	4.031487
1462	4.023994
1463	4.016872
1464	4.010079
1465	4.003599
1466	3.997378
1467	3.991420
1468	3.985702
1469	3.980204
1470	3.974913
1471	3.969801
1472	3.964880
1473	3.060845
1474	2.835838
1475	2.753711
1476	2.709056
1477	2.678651
1478	2.655683
1479	2.637298
1480	2.621992
1481	2.608884
1482	2.597428
1483	2.587277
1484	2.578154
1485	2.569874
1486	2.562300
1487	2.555333
1488	2.548869
1489	2.542852
1490	2.537206
1491	2.531909
1492	2.526925
1493	2.522202
1494	2.517718
1495	2.513456
1496	2.509403
1497	2.505530
1498	2.501817
1499	2.498264
1500	2.494846
1501	2.491555
1502	2.488389
1503	2.485339
1504	2.482394
1505	2.401184
1506	2.268193
1507	2.220479
1508	2.194691
1509	2.177282
1510	2.164178
1511	2.153654
1512	2.144877
1513	2.137360
1514	2.130819
1515	2.125010
1516	2.119787
1517	2.115048
1518	2.110715
1519	2.106728
1520	2.103029
1521	2.099589
1522	2.096357
1523	2.093326
1524	2.090463
1525	2.087769
1526	2.085225
1527	2.082803
1528	2.080496
1529	2.078290
1530	2.076178
1531	2.074157
1532	2.072217
1533	2.070350
1534	2.068558
1535	2.066828
1536	2.065163
1537	3.261655
1538	3.107718
1539	3.051465
1540	3.020817
1541	2.999893
1542	2.984071
1543	2.971370
1544	2.960770
1545	2.951672
1546	2.943725
1547	2.936667
1548	2.930339
1549	2.924593
1550	2.919334
1551	2.914490
1552	2.910006
1553	2.905839
1554	2.901930
1555	2.898273
1556	2.894829
1557	2.891581
1558	2.888498
1559	2.885560
1560	2.882760
1561	2.880089
1562	2.877535
1563	2.875080
1564	2.872730
1565	2.870469
1566	2.868278
1567	2.866170
1568	2.864137
1569	4.310574
1570	4.109550
1571	4.035153
1572	3.994442
1573	3.966652
1574	3.945621
1575	3.928720
1576	3.914615
1577	3.902533
1578	3.891958
1579	3.882568
1580	3.874145
1581	3.866502
1582	3.859507
1583	3.853061
1584	3.847090
1585	3.841529
1586	3.836317
1587	3.831414
1588	3.826797
1589	3.822403
1590	3.818259
1591	3.814307
1592	3.810538
1593	3.806937
1594	3.803490
1595	3.800185
1596	3.797010
1597	3.793954
1598	3.791008
1599	3.788168
1600	3.785419
1601	4.858614
1602	4.645206
1603	4.565454
1604	4.521923
1605	4.492204
1606	4.469793
1607	4.451778
1608	4.436720
1609	4.423807
1610	4.412494
1611	4.402446
1612	4.393409
1613	4.385191
1614	4.377670
1615	4.370728
1616	4.364287
1617	4.358284
1618	4.352665
1619	4.347386
1620	4.342392
1621	4.337669
1622	4.333189
1623	4.328923
1624	4.324862
1625	4.320983
1626	4.317273
1627	4.313717
1628	4.310308
1629	4.307017
1630	4.303862
1631	4.300814
1632	4.297857
1633	4.872031
1634	4.681897
1635	4.610360
1636	4.571062
1637	4.544188
1638	4.523815
1639	4.507428
1640	4.493741
1641	4.481988
1642	4.471695
1643	4.462543
1644	4.454310
1645	4.446828
1646	4.439965
1647	4.433646
1648	4.427771
1649	4.422298
1650	4.417178
1651	4.412364
1652	4.407831
1653	4.403531
1654	4.399452
1655	4.395577
1656	4.391876
1657	4.388349
1658	4.384971
1659	4.381735
1660	4.378619
1661	4.375618
1662	4.372731
1663	4.369949
1664	4.367266
1665	4.514847
1666	4.367324
1667	4.312044
1668	4.281649
1669	4.260907
1670	4.245198
1671	4.232546
1672	4.221964
1673	4.212876
1674	4.204909
1675	4.197819
1676	4.191446
1677	4.185650
1678	4.180337
1679	4.175433
1680	4.170878
1681	4.166633
1682	4.162659
1683	4.158923
1684	4.155392
1685	4.152064
1686	4.148886
1687	4.145865
1688	4.142994
1689	4.140243
1690	4.137616
1691	4.135083
1692	4.132648
1693	4.130308
1694	4.128060
1695	4.125881
1696	4.123785
1697	4.046132
1698	3.941795
1699	3.901917
1700	3.879864
1701	3.864716
1702	3.853188
1703	3.843923
1704	3.836157
1705	3.829476
1706	3.823633
1707	3.818423
1708	3.813727
1709	3.809471
1710	3.805563
1711	3.801962
1712	3.798613
1713	3.795498
1714	3.792577
1715	3.789825
1716	3.787227
1717	3.784767
1718	3.782443
1719	3.780219
1720	3.778098
1721	3.776070
1722	3.774124
1723	3.772261
1724	3.770472
1725	3.768740
1726	3.767074
1727	3.765471
1728	3.763922
1729	3.640501
1730	3.552356
1731	3.518274
1732	3.499371
1733	3.486349
1734	3.476438
1735	3.468436
1736	3.461730
1737	3.455962
1738	3.450899
1739	3.446398
1740	3.442340
1741	3.438659
1742	3.435287
1743	3.432165
1744	3.429269
1745	3.426565
1746	3.424031
1747	3.421645
1748	3.419393
1749	3.417260
1750	3.415230
1751	3.413306
1752	3.411463
1753	3.409700
1754	3.408015
1755	3.406401
1756	3.404850
1757	3.403356
1758	3.401916
1759	3.400522
1760	3.399175
1761	3.292405
1762	3.198407
1763	3.162515
1764	3.142661
1765	3.129036
1766	3.118673
1767	3.110338
1768	3.103351
1769	3.097351
1770	3.092085
1771	3.087409
1772	3.083198
1773	3.079370
1774	3.075856
1775	3.072623
1776	3.069626
1777	3.066813
1778	3.064193
1779	3.061714
1780	3.059378
1781	3.057167
1782	3.055069
1783	3.053068
1784	3.051162
1785	3.049343
1786	3.047591
1787	3.045925
1788	3.044324
1789	3.042779
1790	3.041289
1791	3.039855
1792	3.038469
1793	2.826230
1794	2.725256
1795	2.687762
1796	2.667249
1797	2.653225
1798	2.642610
1799	2.634090
1800	2.626984
1801	2.620870
1802	2.615533
1803	2.610788
1804	2.606514
1805	2.602630
1806	2.599071
1807	2.595785
1808	2.592731
1809	2.589895
1810	2.587237
1811	2.584735
1812	2.582374
1813	2.580138
1814	2.578007
1815	2.575994
1816	2.574063
1817	2.572221
1818	2.570459
1819	2.568773
1820	2.567154
1821	2.565594
1822	2.564093
1823	2.562639
1824	2.561235
1825	2.228765
1826	2.131300
1827	2.095482
1828	2.075863
1829	2.062433
1830	2.052282
1831	2.044140
1832	2.037351
1833	2.031527
1834	2.026439
1835	2.021923
1836	2.017867
1837	2.014178
1838	2.010805
1839	2.007697
1840	2.004811
1841	2.002134
1842	1.999618
1843	1.997252
1844	1.995030
1845	1.992919
1846	1.990918
1847	1.989014
1848	1.987205
1849	1.985473
1850	1.983822
1851	1.982235
1852	1.980708
1853	1.979251
1854	1.977840
1855	1.976487
1856	1.975168
1857	1.572204
1858	1.492912
1859	1.463471
1860	1.447356
1861	1.436342
1862	1.427987
1863	1.421293
1864	1.415725
1865	1.410950
1866	1.406772
1867	1.403070
1868	1.399745
1869	1.396730
1870	1.393972
1871	1.391433
1872	1.389073
1873	1.386875
1874	1.384819
1875	1.382888
1876	1.381067
1877	1.379343
1878	1.377712
1879	1.376156
1880	1.374680
1881	1.373272
1882	1.371916
1883	1.370624
1884	1.369392
1885	1.368206
1886	1.367069
1887	1.365962
1888	1.364890
1889	1.105044
1890	1.048657
1891	1.027761
1892	1.016302
1893	1.008499
1894	1.002594
1895	0.997854
1896	0.993897
1897	0.990503
1898	0.987545
1899	0.984918
1900	0.982552
1901	0.980406
1902	0.978426
1903	0.976608
1904	0.974924
1905	0.973357
1906	0.971893
1907	0.970511
1908	0.969212
1909	0.967979
1910	0.966813
1911	0.965699
1912	0.964650
1913	0.963644
1914	0.962681
1915	0.961755
1916	0.960865
1917	0.960007
1918	0.959183
1919	0.958390
1920	0.957628
1921	1.199134
1922	1.160496
1923	1.145819
1924	1.137684
1925	1.132086
1926	1.127826
1927	1.124390
1928	1.121520
1929	1.119044
1930	1.116872
1931	1.114940
1932	1.113205
1933	1.111624
1934	1.110181
1935	1.108846
1936	1.107613
1937	1.106449
1938	1.105365
1939	1.104341
1940	1.103383
1941	1.102476
1942	1.101610
1943	1.100780
1944	1.099996
1945	1.099239
1946	1.098514
1947	1.097823
1948	1.097161
1949	1.096524
1950	1.095911
1951	1.095319
1952	1.094749
1953	1.680646
1954	1.635060
1955	1.617463
1956	1.607680
1957	1.600941
1958	1.595808
1959	1.591662
1960	1.588202
1961	1.585220
1962	1.582612
1963	1.580282
1964	1.578194
1965	1.576291
1966	1.574539
1967	1.572932
1968	1.571436
1969	1.570040
1970	1.568728
1971	1.567496
1972	1.566330
1973	1.565232
1974	1.564189
1975	1.563193
1976	1.562243
1977	1.561330
1978	1.560455
1979	1.559616
1980	1.558807
1981	1.558032
1982	1.557279
1983	1.556562
1984	1.555867
1985	2.156977
1986	2.098741
1987	2.076344
1988	2.063910
1989	2.055345
1990	2.048809
1991	2.043544
1992	2.039138
1993	2.035347
1994	2.032031
1995	2.029079
1996	2.026422
1997	2.024006
1998	2.021799
1999	2.019766
2000	2.017867
2001	2.016104
2002	2.014449
2003	2.012884
2004	2.011412
2005	2.010020
2006	2.008691
2007	2.007427
2008	2.006226
2009	2.005068
2010	2.003967
2011	2.002916
2012	2.001896
2013	2.000917
2014	1.999978
2015	1.999070
2016	1.998188
2017	2.491853
2018	2.426631
2019	2.401573
2020	2.387675
2021	2.378098
2022	2.370816
2023	2.364941
2024	2.360023
2025	2.355798
2026	2.352088
2027	2.348796
2028	2.345827
2029	2.343121
2030	2.340644
2031	2.338356
2032	2.336232
2033	2.334254
2034	2.332401
2035	2.330650
2036	2.328999
2037	2.327442
2038	2.325956
2039	2.324541
2040	2.323196
2041	2.321913
2042	2.320678
2043	2.319494
2044	2.318358
2045	2.317269
2046	2.316210
2047	2.315190
2048	2.314204
2049	2.660970
2050	2.595591
2051	2.570337
2052	2.556295
2053	2.546634
2054	2.539276
2055	2.533343
2056	2.528370
2057	2.524095
2058	2.520339
2059	2.517004
2060	2.513998
2061	2.511264
2062	2.508758
2063	2.506444
2064	2.504297
2065	2.502290
2066	2.500407
2067	2.498638
2068	2.496962
2069	2.495386
2070	2.493883
2071	2.492445
2072	2.491079
2073	2.489775
2074	2.488518
2075	2.487318
2076	2.486172
2077	2.485060
2078	2.483991
2079	2.482959
2080	2.481956
2081	2.671858
2082	2.611447
2083	2.588053
2084	2.575038
2085	2.566058
2086	2.559214
2087	2.553698
2088	2.549074
2089	2.545098
2090	2.541607
2091	2.538506
2092	2.535704
2093	2.533148
2094	2.530818
2095	2.528667
2096	2.526665
2097	2.524799
2098	2.523046
2099	2.521395
2100	2.519843
2101	2.518371
2102	2.516978
2103	2.515643
2104	2.514369
2105	2.513158
2106	2.511991
2107	2.510879
2108	2.509806
2109	2.508775
2110	2.507777
2111	2.506814
2112	2.505886
2113	2.560030
2114	2.506863
2115	2.486132
2116	2.474584
2117	2.466599
2118	2.460512
2119	2.455593
2120	2.451473
2121	2.447925
2122	2.444811
2123	2.442041
2124	2.439548
2125	2.437269
2126	2.435189
2127	2.433254
2128	2.431462
2129	2.429788
2130	2.428219
2131	2.426749
2132	2.425355
2133	2.424037
2134	2.422784
2135	2.421590
2136	2.420449
2137	2.419359
2138	2.418312
2139	2.417309
2140	2.416344
2141	2.415416
2142	2.414525
2143	2.413663
2144	2.412828
2145	2.370362
2146	2.324207
2147	2.306153
2148	2.296062
2149	2.289086
2150	2.283756
2151	2.279460
2152	2.275853
2153	2.272755
2154	2.270027
2155	2.267602
2156	2.265413
2157	2.263420
2158	2.261591
2159	2.259903
2160	2.258332
2161	2.256862
2162	2.255486
2163	2.254194
2164	2.252964
2165	2.251806
2166	2.250703
2167	2.249652
2168	2.248657
2169	2.247702
2170	2.246791
2171	2.245909
2172	2.245066
2173	2.244253
2174	2.243469
2175	2.242711
2176	2.241981
2177	2.127636
2178	2.085513
2179	2.069027
2180	2.059830
2181	2.053478
2182	2.048638
2183	2.044722
2184	2.041444
2185	2.038622
2186	2.036145
2187	2.033943
2188	2.031955
2189	2.030149
2190	2.028488
2191	2.026957
2192	2.025526
2193	2.024188
2194	2.022935
2195	2.021755
2196	2.020640
2197	2.019590
2198	2.018587
2199	2.017641
2200	2.016730
2201	2.015859
2202	2.015027
2203	2.014228
2204	2.013457
2205	2.012721
2206	2.012004
2207	2.011321
2208	2.010658
2209	1.818251
2210	1.779686
2211	1.764770
2212	1.756488
2213	1.750782
2214	1.746438
2215	1.742923
2216	1.739985
2217	1.737454
2218	1.735235
2219	1.733260
2220	1.731478
2221	1.729861
2222	1.728380
2223	1.727015
2224	1.725740
2225	1.724551
2226	1.723441
2227	1.722393
2228	1.721410
2229	1.720475
2230	1.719591
2231	1.718743
2232	1.717939
2233	1.717167
2234	1.716429
2235	1.715719
2236	1.715037
2237	1.714381
2238	1.713746
2239	1.713141
2240	1.712549
2241	1.462520
2242	1.428434
2243	1.415312
2244	1.408027
2245	1.403000
2246	1.399168
2247	1.396074
2248	1.393492
2249	1.391261
2250	1.389318
2251	1.387589
2252	1.386028
2253	1.384601
2254	1.383298
2255	1.382089
2256	1.380974
2257	1.379929
2258	1.378950
2259	1.378030
2260	1.377167
2261	1.376346
2262	1.375562
2263	1.374822
2264	1.374114
2265	1.373433
2266	1.372783
2267	1.372155
2268	1.371557
2269	1.370981
2270	1.370423
2271	1.369888
2272	1.369371
2273	1.090310
2274	1.061895
2275	1.050977
2276	1.044916
2277	1.040739
2278	1.037563
2279	1.035003
2280	1.032858
2281	1.031019
2282	1.029401
2283	1.027970
2284	1.026682
2285	1.025506
2286	1.024428
2287	1.023436
2288	1.022511
2289	1.021652
2290	1.020845
2291	1.020087
2292	1.019374
2293	1.018694
2294	1.018047
2295	1.017438
2296	1.016851
2297	1.016293
2298	1.015761
2299	1.015249
2300	1.014763
2301	1.014289
2302	1.013830
2303	1.013381
2304	1.012952
2305	0.802152
2306	0.779356
2307	0.770623
2308	0.765779
2309	0.762437
2310	0.759889
2311	0.757842
2312	0.756127
2313	0.754655
2314	0.753363
2315	0.752216
2316	0.751186
2317	0.750256
2318	0.749401
2319	0.748609
2320	0.747880
2321	0.747196
2322	0.746554
2323	0.745954
2324	0.745386
2325	0.744850
2326	0.744337
2327	0.743843
2328	0.743377
2329	0.742932
2330	0.742513
2331	0.742105
2332	0.741710
2333	0.741337
2334	0.740975
2335	0.740625
2336	0.740285
2337	0.681462
2338	0.661779
2339	0.654255
2340	0.650077
2341	0.647217
2342	0.645040
2343	0.643283
2344	0.641813
2345	0.640543
2346	0.639434
2347	0.638447
2348	0.637561
2349	0.636750
2350	0.636012
2351	0.635338
2352	0.634703
2353	0.634107
2354	0.633555
2355	0.633030
2356	0.632541
2357	0.632077
2358	0.631626
2359	0.631205
2360	0.630799
2361	0.630415
2362	0.630043
2363	0.629693
2364	0.629352
2365	0.629025
2366	0.628710
2367	0.628404
2368	0.628111
2369	0.856204
2370	0.835135
2371	0.826971
2372	0.822434
2373	0.819302
2374	0.816921
2375	0.814996
2376	0.813385
2377	0.812002
2378	0.810785
2379	0.809707
2380	0.808731
2381	0.807843
2382	0.807028
2383	0.806278
2384	0.805580
2385	0.804934
2386	0.804324
2387	0.803753
2388	0.803210
2389	0.802701
2390	0.802210
2391	0.801747
2392	0.801308
2393	0.800886
2394	0.800482
2395	0.800092
2396	0.799722
2397	0.799366
2398	0.799024
2399	0.798691
2400	0.798364
2401	1.101326
2402	1.077327
2403	1.067976
2404	1.062769
2405	1.059172
2406	1.056421
2407	1.054201
2408	1.052338
2409	1.050742
2410	1.049336
2411	1.048083
2412	1.046960
2413	1.045933
2414	1.044994
2415	1.044122
2416	1.043323
2417	1.042572
2418	1.041869
2419	1.041208
2420	1.040579
2421	1.039993
2422	1.039434
2423	1.038903
2424	1.038391
2425	1.037905
2426	1.037441
2427	1.036988
2428	1.036555
2429	1.036134
2430	1.035737
2431	1.035351
2432	1.034978
2433	1.348198
2434	1.320258
2435	1.309343
2436	1.303253
2437	1.299052
2438	1.295843
2439	1.293259
2440	1.291080
2441	1.289216
2442	1.287576
2443	1.286113
2444	1.284788
2445	1.283593
2446	1.282498
2447	1.281486
2448	1.280537
2449	1.279654
2450	1.278830
2451	1.278052
2452	1.277313
2453	1.276624
2454	1.275965
2455	1.275342
2456	1.274746
2457	1.274178
2458	1.273624
2459	1.273103
2460	1.272603
2461	1.272117
2462	1.271650
2463	1.271200
2464	1.270757
2465	1.549721
2466	1.518569
2467	1.506417
2468	1.499632
2469	1.494945
2470	1.491364
2471	1.488471
2472	1.486050
2473	1.483968
2474	1.482144
2475	1.480517
2476	1.479051
2477	1.477710
2478	1.476483
2479	1.475352
2480	1.474302
2481	1.473317
2482	1.472390
2483	1.471529
2484	1.470708
2485	1.469930
2486	1.469194
2487	1.468491
2488	1.467817
2489	1.467174
2490	1.466560
2491	1.465968
2492	1.465401
2493	1.464858
2494	1.464333
2495	1.463824
2496	1.463332
2497	1.676459
2498	1.643376
2499	1.630429
2500	1.623188
2501	1.618187
2502	1.614374
2503	1.611288
2504	1.608702
2505	1.606474
2506	1.604523
2507	1.602782
2508	1.601212
2509	1.599788
2510	1.598482
2511	1.597274
2512	1.596148
2513	1.595098
2514	1.594115
2515	1.593186
2516	1.592319
2517	1.591489
2518	1.590698
2519	1.589951
2520	1.589231
2521	1.588550
2522	1.587897
2523	1.587275
2524	1.586670
2525	1.586087
2526	1.585533
2527	1.585000
2528	1.584476
2529	1.720511
2530	1.687029
2531	1.673914
2532	1.666590
2533	1.661519
2534	1.657653
2535	1.654531
2536	1.651909
2537	1.649661
2538	1.647678
2539	1.645913
2540	1.644327
2541	1.642878
2542	1.641554
2543	1.640327
2544	1.639193
2545	1.638125
2546	1.637132
2547	1.636194
2548	1.635304
2549	1.634469
2550	1.633677
2551	1.632920
2552	1.632196
2553	1.631504
2554	1.630838
2555	1.630204
2556	1.629593
2557	1.629001
2558	1.628436
2559	1.627889
2560	1.627360
2561	1.678101
2562	1.645607
2563	1.632875
2564	1.625759
2565	1.620842
2566	1.617085
2567	1.614047
2568	1.611505
2569	1.609314
2570	1.607393
2571	1.605679
2572	1.604135
2573	1.602733
2574	1.601444
2575	1.600253
2576	1.599150
2577	1.598116
2578	1.597141
2579	1.596229
2580	1.595370
2581	1.594555
2582	1.593780
2583	1.593040
2584	1.592340
2585	1.591666
2586	1.591024
2587	1.590406
2588	1.589809
2589	1.589236
2590	1.588684
2591	1.588150
2592	1.587638
2593	1.554390
2594	1.524421
2595	1.512678
2596	1.506120
2597	1.501576
2598	1.498117
2599	1.495309
2600	1.492967
2601	1.490951
2602	1.489177
2603	1.487602
2604	1.486182
2605	1.484890
2606	1.483702
2607	1.482605
2608	1.481579
2609	1.480620
2610	1.479721
2611	1.478876
2612	1.478080
2613	1.477331
2614	1.476614
2615	1.475934
2616	1.475279
2617	1.474658
2618	1.474061
2619	1.473492
2620	1.472950
2621	1.472421
2622	1.471915
2623	1.471424
2624	1.470953
2625	1.363582
2626	1.337265
2627	1.326956
2628	1.321192
2629	1.317206
2630	1.314162
2631	1.311704
2632	1.309651
2633	1.307876
2634	1.306322
2635	1.304934
2636	1.303690
2637	1.302559
2638	1.301513
2639	1.300549
2640	1.299657
2641	1.298823
2642	1.298031
2643	1.297295
2644	1.296599
2645	1.295941
2646	1.295317
2647	1.294721
2648	1.294156
2649	1.293621
2650	1.293100
2651	1.292603
2652	1.292118
2653	1.291665
2654	1.291221
2655	1.290793
2656	1.290379
2657	1.122900
2658	1.101207
2659	1.092714
2660	1.087971
2661	1.084695
2662	1.082194
2663	1.080173
2664	1.078474
2665	1.077018
2666	1.075742
2667	1.074601
2668	1.073578
2669	1.072645
2670	1.071790
2671	1.070994
2672	1.070253
2673	1.069568
2674	1.068922
2675	1.068321
2676	1.067752
2677	1.067211
2678	1.066689
2679	1.066196
2680	1.065730
2681	1.065281
2682	1.064857
2683	1.064448
2684	1.064053
2685	1.063672
2686	1.063309
2687	1.062956
2688	1.062614
2689	0.856126
2690	0.839506
2691	0.833018
2692	0.829395
2693	0.826893
2694	0.824977
2695	0.823434
2696	0.822143
2697	0.821029
2698	0.820048
2699	0.819176
2700	0.818393
2701	0.817678
2702	0.817026
2703	0.816420
2704	0.815863
2705	0.815343
2706	0.814851
2707	0.814393
2708	0.813959
2709	0.813547
2710	0.813154
2711	0.812781
2712	0.812429
2713	0.812089
2714	0.811763
2715	0.811449
2716	0.811148
2717	0.810856
2718	0.810581
2719	0.810312
2720	0.810054
2721	0.636036
2722	0.623467
2723	0.618564
2724	0.615819
2725	0.613932
2726	0.612490
2727	0.611323
2728	0.610345
2729	0.609501
2730	0.608764
2731	0.608111
2732	0.607521
2733	0.606986
2734	0.606497
2735	0.606042
2736	0.605626
2737	0.605237
2738	0.604869
2739	0.604520
2740	0.604189
2741	0.603875
2742	0.603576
2743	0.603291
2744	0.603024
2745	0.602772
2746	0.602522
2747	0.602286
2748	0.602062
2749	0.601850
2750	0.601639
2751	0.601440
2752	0.601247
2753	0.488306
2754	0.478150
2755	0.474186
2756	0.471974
2757	0.470451
2758	0.469287
2759	0.468349
2760	0.467561
2761	0.466880
2762	0.466286
2763	0.465754
2764	0.465275
2765	0.464841
2766	0.464442
2767	0.464078
2768	0.463730
2769	0.463408
2770	0.463113
2771	0.462834
2772	0.462569
2773	0.462318
2774	0.462085
2775	0.461862
2776	0.461649
2777	0.461443
2778	0.461250
2779	0.461063
2780	0.460882
2781	0.460707
2782	0.460544
2783	0.460384
2784	0.460231
2785	0.483941
2786	0.473137
2787	0.468934
2788	0.466599
2789	0.464987
2790	0.463756
2791	0.462765
2792	0.461933
2793	0.461219
2794	0.460589
2795	0.460036
2796	0.459535
2797	0.459080
2798	0.458658
2799	0.458269
2800	0.457908
2801	0.457568
2802	0.457256
2803	0.456959
2804	0.456677
2805	0.456412
2806	0.456162
2807	0.455924
2808	0.455701
2809	0.455488
2810	0.455282
2811	0.455080
2812	0.454891
2813	0.454712
2814	0.454538
2815	0.454370
2816	0.454214
2817	0.631431
2818	0.617954
2819	0.612703
2820	0.609765
2821	0.607743
2822	0.606192
2823	0.604942
2824	0.603894
2825	0.602992
2826	0.602213
2827	0.601512
2828	0.600881
2829	0.600309
2830	0.599782
2831	0.599286
2832	0.598832
2833	0.598412
2834	0.598022
2835	0.597651
2836	0.597304
2837	0.596979
2838	0.596661
2839	0.596366
2840	0.596085
2841	0.595818
2842	0.595563
2843	0.595320
2844	0.595083
2845	0.594861
2846	0.594640
2847	0.594430
2848	0.594224
2849	0.826237
2850	0.809233
2851	0.802588
2852	0.798881
2853	0.796316
2854	0.794359
2855	0.792774
2856	0.791448
2857	0.790306
2858	0.789304
2859	0.788414
2860	0.787614
2861	0.786890
2862	0.786228
2863	0.785613
2864	0.785043
2865	0.784513
2866	0.784008
2867	0.783535
2868	0.783089
2869	0.782665
2870	0.782259
2871	0.781880
2872	0.781514
2873	0.781167
2874	0.780833
2875	0.780516
2876	0.780214
2877	0.779919
2878	0.779637
2879	0.779363
2880	0.779101
2881	0.989914
2882	0.970095
2883	0.962337
2884	0.958007
2885	0.955009
2886	0.952724
2887	0.950881
2888	0.949333
2889	0.948000
2890	0.946827
2891	0.945787
2892	0.944855
2893	0.944004
2894	0.943225
2895	0.942504
2896	0.941834
2897	0.941211
2898	0.940629
2899	0.940077
2900	0.939557
2901	0.939064
2902	0.938603
2903	0.938157
2904	0.937734
2905	0.937328
2906	0.936941
2907	0.936569
2908	0.936215
2909	0.935874
2910	0.935544
2911	0.935224
2912	0.934913
2913	1.103170
2914	1.081425
2915	1.072909
2916	1.068151
2917	1.064867
2918	1.062369
2919	1.060343
2920	1.058642
2921	1.057178
2922	1.055890
2923	1.054745
2924	1.053712
2925	1.052767
2926	1.051909
2927	1.051118
2928	1.050380
2929	1.049690
2930	1.049048
2931	1.048442
2932	1.047870
2933	1.047328
2934	1.046818
2935	1.046334
2936	1.045866
2937	1.045419
2938	1.044990
2939	1.044584
2940	1.044186
2941	1.043805
2942	1.043442
2943	1.043091
2944	1.042752
2945	1.161716
2946	1.139141
2947	1.130296
2948	1.125349
2949	1.121936
2950	1.119326
2951	1.117219
2952	1.115444
2953	1.113921
2954	1.112589
2955	1.111395
2956	1.110326
2957	1.109347
2958	1.108451
2959	1.107625
2960	1.106851
2961	1.106132
2962	1.105463
2963	1.104828
2964	1.104233
2965	1.103672
2966	1.103135
2967	1.102622
2968	1.102133
2969	1.101673
2970	1.101234
2971	1.100806
2972	1.100398
2973	1.100004
2974	1.099629
2975	1.099263
2976	1.098911
2977	1.162574
2978	1.140178
2979	1.131393
2980	1.126490
2981	1.123107
2982	1.120518
2983	1.118436
2984	1.116680
2985	1.115168
2986	1.113837
2987	1.112657
2988	1.111601
2989	1.110638
2990	1.109756
2991	1.108939
2992	1.108173
2993	1.107461
2994	1.106792
2995	1.106169
2996	1.105583
2997	1.105025
2998	1.104500
2999	1.103992
3000	1.103502
3001	1.103035
3002	1.102591
3003	1.102157
3004	1.101750
3005	1.101356
3006	1.100981
3007	1.100619
3008	1.100271
3009	1.107175
3010	1.086095
3011	1.077831
3012	1.073212
3013	1.070019
3014	1.067579
3015	1.065606
3016	1.063956
3017	1.062528
3018	1.061278
3019	1.060167
3020	1.059166
3021	1.058257
3022	1.057423
3023	1.056648
3024	1.055934
3025	1.055269
3026	1.054642
3027	1.054056
3028	1.053503
3029	1.052975
3030	1.052472
3031	1.051998
3032	1.051546
3033	1.051106
3034	1.050682
3035	1.050280
3036	1.049890
3037	1.049522
3038	1.049162
3039	1.048815
3040	1.048480
3041	1.005004
3042	0.986020
3043	0.978577
3044	0.974422
3045	0.971548
3046	0.969352
3047	0.967576
3048	0.966091
3049	0.964811
3050	0.963686
3051	0.962689
3052	0.961785
3053	0.960965
3054	0.960213
3055	0.959519
3056	0.958874
3057	0.958275
3058	0.957712
3059	0.957185
3060	0.956688
3061	0.956214
3062	0.955761
3063	0.955330
3064	0.954917
3065	0.954525
3066	0.954146
3067	0.953784
3068	0.953437
3069	0.953102
3070	0.952785
3071	0.952479
3072	0.952175
3073	0.865736
3074	0.849514
3075	0.843153
3076	0.839599
3077	0.837139
3078	0.835262
3079	0.833741
3080	0.832476
3081	0.831381
3082	0.830420
3083	0.829564
3084	0.828794
3085	0.828091
3086	0.827445
3087	0.826855
3088	0.826307
3089	0.825794
3090	0.825309
3091	0.824861
3092	0.824434
3093	0.824027
3094	0.823638
3095	0.823267
3096	0.822913
3097	0.822577
3098	0.822251
3099	0.821942
3100	0.821652
3101	0.821369
3102	0.821099
3103	0.820836
3104	0.820580
3105	0.705720
3106	0.692602
3107	0.687459
3108	0.684587
3109	0.682596
3110	0.681080
3111	0.679861
3112	0.678843
3113	0.677961
3114	0.677184
3115	0.676495
3116	0.675874
3117	0.675310
3118	0.674795
3119	0.674317
3120	0.673872
3121	0.673456
3122	0.673063
3123	0.672695
3124	0.672345
3125	0.672020
3126	0.671702
3127	0.671405
3128	0.671123
3129	0.670853
3130	0.670589
3131	0.670343
3132	0.670105
3133	0.669881
3134	0.669655
3135	0.669444
3136	0.669242
3137	0.562582
3138	0.552209
3139	0.548149
3140	0.545879
3141	0.544310
3142	0.543115
3143	0.542151
3144	0.541341
3145	0.540641
3146	0.540029
3147	0.539485
3148	0.538991
3149	0.538549
3150	0.538144
3151	0.537763
3152	0.537415
3153	0.537094
3154	0.536785
3155	0.536497
3156	0.536232
3157	0.535975
3158	0.535733
3159	0.535503
3160	0.535278
3161	0.535069
3162	0.534864
3163	0.534671
3164	0.534487
3165	0.534307
3166	0.534137
3167	0.533970
3168	0.533811
3169	0.456090
3170	0.447462
3171	0.444088
3172	0.442198
3173	0.440897
3174	0.439905
3175	0.439109
3176	0.438435
3177	0.437861
3178	0.437350
3179	0.436901
3180	0.436495
3181	0.436129
3182	0.435794
3183	0.435477
3184	0.435190
3185	0.434914
3186	0.434663
3187	0.434426
3188	0.434197
3189	0.433983
3190	0.433776
3191	0.433580
3192	0.433394
3193	0.433213
3194	0.433039
3195	0.432879
3196	0.432725
3197	0.432579
3198	0.432435
3199	0.432299
3200	0.432168
3201	0.381868
3202	0.374063
3203	0.371017
3204	0.369316
3205	0.368139
3206	0.367242
3207	0.366513
3208	0.365916
3209	0.365389
3210	0.364936
3211	0.364533
3212	0.364165
3213	0.363838
3214	0.363536
3215	0.363256
3216	0.363003
3217	0.362761
3218	0.362533
3219	0.362319
3220	0.362122
3221	0.361931
3222	0.361746
3223	0.361570
3224	0.361409
3225	0.361253
3226	0.361098
3227	0.360953
3228	0.360819
3229	0.360685
3230	0.360557
3231	0.360436
3232	0.360320
3233	0.419905
3234	0.410694
3235	0.407116
3236	0.405119
3237	0.403739
3238	0.402688
3239	0.401841
3240	0.401136
3241	0.400523
3242	0.399990
3243	0.399512
3244	0.399083
3245	0.398692
3246	0.398334
3247	0.398003
3248	0.397701
3249	0.397417
3250	0.397150
3251	0.396898
3252	0.396662
3253	0.396444
3254	0.396230
3255	0.396030
3256	0.395842
3257	0.395666
3258	0.395494
3259	0.395326
3260	0.395168
3261	0.395013
3262	0.394866
3263	0.394728
3264	0.394592
3265	0.513753
3266	0.502763
3267	0.498489
3268	0.496101
3269	0.494455
3270	0.493199
3271	0.492189
3272	0.491338
3273	0.490606
3274	0.489965
3275	0.489401
3276	0.488886
3277	0.488418
3278	0.487990
3279	0.487597
3280	0.487231
3281	0.486893
3282	0.486574
3283	0.486272
3284	0.485991
3285	0.485726
3286	0.485472
3287	0.485236
3288	0.485011
3289	0.484797
3290	0.484592
3291	0.484393
3292	0.484202
3293	0.484025
3294	0.483845
3295	0.483677
3296	0.483517
3297	0.618454
3298	0.605748
3299	0.600778
3300	0.598008
3301	0.596091
3302	0.594634
3303	0.593450
3304	0.592468
3305	0.591622
3306	0.590878
3307	0.590210
3308	0.589616
3309	0.589073
3310	0.588584
3311	0.588124
3312	0.587696
3313	0.587295
3314	0.586926
3315	0.586579
3316	0.586250
3317	0.585938
3318	0.585646
3319	0.585367
3320	0.585101
3321	0.584846
3322	0.584609
3323	0.584373
3324	0.584151
3325	0.583934
3326	0.583731
3327	0.583534
3328	0.583343
3329	0.699818
3330	0.685870
3331	0.680408
3332	0.677354
3333	0.675251
3334	0.673642
3335	0.672354
3336	0.671267
3337	0.670330
3338	0.669507
3339	0.668772
3340	0.668113
3341	0.667515
3342	0.666963
3343	0.666459
3344	0.665990
3345	0.665556
3346	0.665144
3347	0.664762
3348	0.664396
3349	0.664056
3350	0.663729
3351	0.663423
3352	0.663128
3353	0.662848
3354	0.662579
3355	0.662318
3356	0.662072
3357	0.661840
3358	0.661604
3359	0.661374
3360	0.661158
3361	0.753397
3362	0.738731
3363	0.732983
3364	0.729781
3365	0.727561
3366	0.725872
3367	0.724505
3368	0.723362
3369	0.722375
3370	0.721512
3371	0.720737
3372	0.720044
3373	0.719413
3374	0.718833
3375	0.718295
3376	0.717805
3377	0.717348
3378	0.716918
3379	0.716517
3380	0.716137
3381	0.715782
3382	0.715441
3383	0.715113
3384	0.714805
3385	0.714508
3386	0.714225
3387	0.713952
3388	0.713694
3389	0.713443
3390	0.713208
3391	0.712977
3392	0.712755
3393	0.773915
3394	0.759113
3395	0.753314
3396	0.750072
3397	0.747829
3398	0.746121
3399	0.744743
3400	0.743585
3401	0.742593
3402	0.741720
3403	0.740940
3404	0.740237
3405	0.739599
3406	0.739010
3407	0.738466
3408	0.737970
3409	0.737501
3410	0.737066
3411	0.736653
3412	0.736264
3413	0.735902
3414	0.735557
3415	0.735231
3416	0.734920
3417	0.734624
3418	0.734339
3419	0.734059
3420	0.733798
3421	0.733540
3422	0.733293
3423	0.733055
3424	0.732822
3425	0.760313
3426	0.745977
3427	0.740354
3428	0.737208
3429	0.735038
3430	0.733378
3431	0.732041
3432	0.730915
3433	0.729949
3434	0.729106
3435	0.728354
3436	0.727669
3437	0.727049
3438	0.726487
3439	0.725967
3440	0.725483
3441	0.725033
3442	0.724610
3443	0.724215
3444	0.723841
3445	0.723489
3446	0.723153
3447	0.722839
3448	0.722534
3449	0.722241
3450	0.721967
3451	0.721695
3452	0.721437
3453	0.721188
3454	0.720949
3455	0.720719
3456	0.720496
3457	0.715735
3458	0.702357
3459	0.697120
3460	0.694187
3461	0.692166
3462	0.690623
3463	0.689375
3464	0.688331
3465	0.687433
3466	0.686647
3467	0.685942
3468	0.685306
3469	0.684729
3470	0.684198
3471	0.683706
3472	0.683248
3473	0.682827
3474	0.682430
3475	0.682058
3476	0.681711
3477	0.681381
3478	0.681066
3479	0.680772
3480	0.680487
3481	0.680214
3482	0.679955
3483	0.679702
3484	0.679463
3485	0.679231
3486	0.679008
3487	0.678794
3488	0.678590
3489	0.646076
3490	0.634168
3491	0.629494
3492	0.626890
3493	0.625081
3494	0.623702
3495	0.622595
3496	0.621666
3497	0.620862
3498	0.620158
3499	0.619527
3500	0.618962
3501	0.618447
3502	0.617973
3503	0.617538
3504	0.617131
3505	0.616749
3506	0.616398
3507	0.616063
3508	0.615752
3509	0.615453
3510	0.615173
3511	0.614906
3512	0.614652
3513	0.614413
3514	0.614176
3515	0.613949
3516	0.613731
3517	0.613526
3518	0.613332
3519	0.613139
3520	0.612958
3521	0.560336
3522	0.550010
3523	0.545959
3524	0.543692
3525	0.542130
3526	0.540938
3527	0.539975
3528	0.539167
3529	0.538474
3530	0.537861
3531	0.537319
3532	0.536828
3533	0.536383
3534	0.535974
3535	0.535597
3536	0.535249
3537	0.534916
3538	0.534608
3539	0.534325
3540	0.534052
3541	0.533794
3542	0.533551
3543	0.533321
3544	0.533102
3545	0.532893
3546	0.532689
3547	0.532496
3548	0.532310
3549	0.532127
3550	0.531952
3551	0.531781
3552	0.531623
3553	0.477104
3554	0.468390
3555	0.464967
3556	0.463058
3557	0.461731
3558	0.460725
3559	0.459910
3560	0.459228
3561	0.458639
3562	0.458118
3563	0.457654
3564	0.457241
3565	0.456864
3566	0.456526
3567	0.456204
3568	0.455910
3569	0.455638
3570	0.455384
3571	0.455144
3572	0.454916
3573	0.454701
3574	0.454494
3575	0.454298
3576	0.454111
3577	0.453932
3578	0.453760
3579	0.453594
3580	0.453440
3581	0.453290
3582	0.453142
3583	0.453002
3584	0.452865
3585	0.409769
3586	0.402180
3587	0.399204
3588	0.397539
3589	0.396385
3590	0.395511
3591	0.394803
3592	0.394208
3593	0.393700
3594	0.393253
3595	0.392854
3596	0.392494
3597	0.392169
3598	0.391875
3599	0.391600
3600	0.391344
3601	0.391105
3602	0.390880
3603	0.390675
3604	0.390474
3605	0.390283
3606	0.390101
3607	0.389933
3608	0.389774
3609	0.389620
3610	0.389473
3611	0.389330
3612	0.389198
3613	0.389068
3614	0.388942
3615	0.388820
3616	0.388702
3617	0.343373
3618	0.336786
3619	0.334206
3620	0.332763
3621	0.331773
3622	0.331017
3623	0.330405
3624	0.329895
3625	0.329454
3626	0.329065
3627	0.328722
3628	0.328414
3629	0.328134
3630	0.327874
3631	0.327636
3632	0.327415
3633	0.327211
3634	0.327015
3635	0.326839
3636	0.326673
3637	0.326512
3638	0.326361
3639	0.326214
3640	0.326078
3641	0.325944
3642	0.325821
3643	0.325701
3644	0.325590
3645	0.325478
3646	0.325374
3647	0.325276
3648	0.325180
3649	0.301562
3650	0.295413
3651	0.293011
3652	0.291667
3653	0.290738
3654	0.290031
3655	0.289459
3656	0.288988
3657	0.288581
3658	0.288222
3659	0.287905
3660	0.287621
3661	0.287367
3662	0.287130
3663	0.286908
3664	0.286699
3665	0.286505
3666	0.286325
3667	0.286157
3668	0.285995
3669	0.285852
3670	0.285711
3671	0.285579
3672	0.285452
3673	0.285327
3674	0.285212
3675	0.285096
3676	0.284990
3677	0.284887
3678	0.284787
3679	0.284694
3680	0.284603
3681	0.325707
3682	0.319063
3683	0.316468
3684	0.315018
3685	0.314014
3686	0.313249
3687	0.312633
3688	0.312115
3689	0.311674
3690	0.311281
3691	0.310940
3692	0.310622
3693	0.310345
3694	0.310086
3695	0.309841
3696	0.309626
3697	0.309420
3698	0.309237
3699	0.309063
3700	0.308894
3701	0.308737
3702	0.308582
3703	0.308441
3704	0.308301
3705	0.308177
3706	0.308057
3707	0.307942
3708	0.307831
3709	0.307724
3710	0.307621
3711	0.307522
3712	0.307424
3713	0.376857
3714	0.369228
3715	0.366246
3716	0.364581
3717	0.363427
3718	0.362553
3719	0.361847
3720	0.361256
3721	0.360748
3722	0.360304
3723	0.359908
3724	0.359545
3725	0.359227
3726	0.358927
3727	0.358657
3728	0.358408
3729	0.358178
3730	0.357957
3731	0.357755
3732	0.357566
3733	0.357386
3734	0.357217
3735	0.357058
3736	0.356909
3737	0.356765
3738	0.356630
3739	0.356494
3740	0.356367
3741	0.356241
3742	0.356119
3743	0.356002
3744	0.355890
3745	0.432854
3746	0.424246
3747	0.420871
3748	0.418995
3749	0.417699
3750	0.416711
3751	0.415910
3752	0.415238
3753	0.414658
3754	0.414156
3755	0.413707
3756	0.413310
3757	0.412945
3758	0.412618
3759	0.412309
3760	0.412026
3761	0.411764
3762	0.411518
3763	0.411284
3764	0.411068
3765	0.410867
3766	0.410669
3767	0.410481
3768	0.410300
3769	0.410130
3770	0.409967
3771	0.409817
3772	0.409673
3773	0.409534
3774	0.409400
3775	0.409270
3776	0.409154
3777	0.477766
3778	0.468483
3779	0.464849
3780	0.462816
3781	0.461412
3782	0.460343
3783	0.459479
3784	0.458756
3785	0.458134
3786	0.457595
3787	0.457111
3788	0.456672
3789	0.456275
3790	0.455918
3791	0.455581
3792	0.455275
3793	0.454991
3794	0.454723
3795	0.454469
3796	0.454232
3797	0.454007
3798	0.453793
3799	0.453595
3800	0.453406
3801	0.453228
3802	0.453050
3803	0.452881
3804	0.452718
3805	0.452566
3806	0.452413
3807	0.452272
3808	0.452130
3809	0.507001
3810	0.497250
3811	0.493438
3812	0.491309
3813	0.489832
3814	0.488710
3815	0.487799
3816	0.487046
3817	0.486391
3818	0.485821
3819	0.485310
3820	0.484854
3821	0.484439
3822	0.484064
3823	0.483712
3824	0.483390
3825	0.483089
3826	0.482808
3827	0.482544
3828	0.482296
3829	0.482057
3830	0.481843
3831	0.481626
3832	0.481423
3833	0.481224
3834	0.481036
3835	0.480860
3836	0.480693
3837	0.480525
3838	0.480366
3839	0.480214
3840	0.480071
3841	0.515226
3842	0.505460
3843	0.501641
3844	0.499504
3845	0.498025
3846	0.496909
3847	0.496000
3848	0.495241
3849	0.494590
3850	0.494015
3851	0.493498
3852	0.493037
3853	0.492621
3854	0.492238
3855	0.491882
3856	0.491557
3857	0.491254
3858	0.490965
3859	0.490690
3860	0.490438
3861	0.490196
3862	0.489968
3863	0.489750
3864	0.489544
3865	0.489345
3866	0.489158
3867	0.488977
3868	0.488800
3869	0.488630
3870	0.488469
3871	0.488315
3872	0.488168
3873	0.503274
3874	0.493803
3875	0.490100
3876	0.488028
3877	0.486601
3878	0.485510
3879	0.484625
3880	0.483893
3881	0.483256
3882	0.482691
3883	0.482191
3884	0.481746
3885	0.481339
3886	0.480963
3887	0.480614
3888	0.480293
3889	0.479995
3890	0.479711
3891	0.479444
3892	0.479198
3893	0.478970
3894	0.478751
3895	0.478539
3896	0.478339
3897	0.478144
3898	0.477959
3899	0.477783
3900	0.477619
3901	0.477456
3902	0.477300
3903	0.477149
3904	0.477010
3905	0.472853
3906	0.464030
3907	0.460575
3908	0.458649
3909	0.457324
3910	0.456308
3911	0.455484
3912	0.454799
3913	0.454206
3914	0.453680
3915	0.453218
3916	0.452802
3917	0.452423
3918	0.452075
3919	0.451754
3920	0.451452
3921	0.451170
3922	0.450910
3923	0.450668
3924	0.450437
3925	0.450215
3926	0.450012
3927	0.449813
3928	0.449628
3929	0.449449
3930	0.449282
3931	0.449121
3932	0.448966
3933	0.448814
3934	0.448674
3935	0.448535
3936	0.448402
3937	0.427945
3938	0.420037
3939	0.416937
3940	0.415202
3941	0.414013
3942	0.413099
3943	0.412359
3944	0.411739
3945	0.411213
3946	0.410743
3947	0.410330
3948	0.409957
3949	0.409621
3950	0.409310
3951	0.409019
3952	0.408748
3953	0.408503
3954	0.408272
3955	0.408053
3956	0.407843
3957	0.407650
3958	0.407465
3959	0.407290
3960	0.407121
3961	0.406958
3962	0.406804
3963	0.406659
3964	0.406516
3965	0.406381
3966	0.406253
3967	0.406126
3968	0.406008
3969	0.380339
3970	0.373272
3971	0.370519
3972	0.368973
3973	0.367912
3974	0.367098
3975	0.366441
3976	0.365890
3977	0.365418
3978	0.365004
3979	0.364634
3980	0.364302
3981	0.364003
3982	0.363721
3983	0.363468
3984	0.363231
3985	0.363009
3986	0.362806
3987	0.362612
3988	0.362431
3989	0.362255
3990	0.362094
3991	0.361938
3992	0.361791
3993	0.361656
3994	0.361523
3995	0.361393
3996	0.361269
3997	0.361149
3998	0.361037
3999	0.360922
4000	0.360815
4001	0.339827
4002	0.333550
4003	0.331090
4004	0.329714
4005	0.328765
4006	0.328044
4007	0.327460
4008	0.326979
4009	0.326554
4010	0.326185
4011	0.325852
4012	0.325554
4013	0.325289
4014	0.325042
4015	0.324818
4016	0.324606
4017	0.324412
4018	0.324228
4019	0.324055
4020	0.323891
4021	0.323737
4022	0.323592
4023	0.323455
4024	0.323325
4025	0.323200
4026	0.323075
4027	0.322960
4028	0.322850
4029	0.322742
4030	0.322643
4031	0.322547
4032	0.322454
4033	0.295924
4034	0.290353
4035	0.288173
4036	0.286957
4037	0.286117
4038	0.285475
4039	0.284953
4040	0.284521
4041	0.284153
4042	0.283825
4043	0.283530
4044	0.283271
4045	0.283032
4046	0.282812
4047	0.282611
4048	0.282426
4049	0.282250
4050	0.282084
4051	0.281929
4052	0.281788
4053	0.281649
4054	0.281525
4055	0.281406
4056	0.281287
4057	0.281179
4058	0.281075
4059	0.280972
4060	0.280874
4061	0.280780
4062	0.280686
4063	0.280604
4064	0.280521
4065	0.249564
4066	0.244717
4067	0.242824
4068	0.241760
4069	0.241031
4070	0.240471
4071	0.240017
4072	0.239644
4073	0.239327
4074	0.239049
4075	0.238799
4076	0.238576
4077	0.238375
4078	0.238185
4079	0.238008
4080	0.237841
4081	0.237690
4082	0.237546
4083	0.237412
4084	0.237285
4085	0.237177
4086	0.237070
4087	0.236967
4088	0.236864
4089	0.236772
4090	0.236683
4091	0.236602
4092	0.236521
4093	0.236444
4094	0.236375
4095	0.236301
4096	0.236231
4097	0.225339
4098	0.220765
4099	0.218975
4100	0.217971
4101	0.217284
4102	0.216754
4103	0.216333
4104	0.215976
4105	0.215670
4106	0.215402
4107	0.215164
4108	0.214947
4109	0.214754
4110	0.214573
4111	0.214409
4112	0.214264
4113	0.214125
4114	0.213993
4115	0.213872
4116	0.213754
4117	0.213648
4118	0.213543
4119	0.213443
4120	0.213349
4121	0.213261
4122	0.213180
4123	0.213097
4124	0.213023
4125	0.212950
4126	0.212885
4127	0.212819
4128	0.212753
4129	0.241414
4130	0.236512
4131	0.234600
4132	0.233529
4133	0.232795
4134	0.232234
4135	0.231782
4136	0.231405
4137	0.231074
4138	0.230789
4139	0.230534
4140	0.230308
4141	0.230098
4142	0.229911
4143	0.229735
4144	0.229574
4145	0.229424
4146	0.229292
4147	0.229162
4148	0.229048
4149	0.228938
4150	0.228832
4151	0.228732
4152	0.228635
4153	0.228542
4154	0.228454
4155	0.228365
4156	0.228284
4157	0.228205
4158	0.228132
4159	0.228062
4160	0.227992
4161	0.270032
4162	0.264637
4163	0.262531
4164	0.261354
4165	0.260544
4166	0.259925
4167	0.259428
4168	0.259017
4169	0.258661
4170	0.258351
4171	0.258072
4172	0.257819
4173	0.257596
4174	0.257390
4175	0.257202
4176	0.257028
4177	0.256863
4178	0.256712
4179	0.256574
4180	0.256444
4181	0.256320
4182	0.256204
4183	0.256093
4184	0.255988
4185	0.255881
4186	0.255783
4187	0.255689
4188	0.255600
4189	0.255515
4190	0.255436
4191	0.255360
4192	0.255287
4193	0.299680
4194	0.293759
4195	0.291447
4196	0.290151
4197	0.289263
4198	0.288585
4199	0.288038
4200	0.287577
4201	0.287183
4202	0.286837
4203	0.286533
4204	0.286263
4205	0.286013
4206	0.285798
4207	0.285592
4208	0.285404
4209	0.285226
4210	0.285064
4211	0.284909
4212	0.284766
4213	0.284630
4214	0.284502
4215	0.284380
4216	0.284261
4217	0.284150
4218	0.284041
4219	0.283939
4220	0.283837
4221	0.283741
4222	0.283654
4223	0.283568
4224	0.283488
4225	0.325826
4226	0.319454
4227	0.316965
4228	0.315586
4229	0.314622
4230	0.313895
4231	0.313311
4232	0.312819
4233	0.312394
4234	0.312026
4235	0.311695
4236	0.311397
4237	0.311128
4238	0.310883
4239	0.310657
4240	0.310452
4241	0.310260
4242	0.310081
4243	0.309910
4244	0.309756
4245	0.309610
4246	0.309474
4247	0.309343
4248	0.309214
4249	0.309092
4250	0.308977
4251	0.308865
4252	0.308755
4253	0.308656
4254	0.308554
4255	0.308456
4256	0.308359
4257	0.340698
4258	0.334173
4259	0.331624
4260	0.330194
4261	0.329215
4262	0.328468
4263	0.327862
4264	0.327358
4265	0.326918
4266	0.326539
4267	0.326204
4268	0.325895
4269	0.325627
4270	0.325369
4271	0.325137
4272	0.324921
4273	0.324725
4274	0.324535
4275	0.324360
4276	0.324194
4277	0.324039
4278	0.323892
4279	0.323755
4280	0.323626
4281	0.323507
4282	0.323387
4283	0.323273
4284	0.323164
4285	0.323059
4286	0.322952
4287	0.322849
4288	0.322752
4289	0.342451
4290	0.335997
4291	0.333471
4292	0.332057
4293	0.331086
4294	0.330345
4295	0.329746
4296	0.329241
4297	0.328807
4298	0.328427
4299	0.328093
4300	0.327797
4301	0.327523
4302	0.327267
4303	0.327032
4304	0.326818
4305	0.326616
4306	0.326431
4307	0.326254
4308	0.326085
4309	0.325926
4310	0.325774
4311	0.325628
4312	0.325489
4313	0.325360
4314	0.325240
4315	0.325123
4316	0.325019
4317	0.324915
4318	0.324817
4319	0.324718
4320	0.324629
4321	0.333196
4322	0.326997
4323	0.324567
4324	0.323215
4325	0.322284
4326	0.321571
4327	0.321000
4328	0.320514
4329	0.320095
4330	0.319727
4331	0.319400
4332	0.319104
4333	0.318840
4334	0.318598
4335	0.318370
4336	0.318159
4337	0.317971
4338	0.317794
4339	0.317628
4340	0.317469
4341	0.317319
4342	0.317180
4343	0.317043
4344	0.316913
4345	0.316792
4346	0.316674
4347	0.316563
4348	0.316457
4349	0.316355
4350	0.316262
4351	0.316172
4352	0.316083
4353	0.314000
4354	0.308181
4355	0.305896
4356	0.304626
4357	0.303752
4358	0.303083
4359	0.302538
4360	0.302088
4361	0.301699
4362	0.301361
4363	0.301061
4364	0.300788
4365	0.300538
4366	0.300314
4367	0.300109
4368	0.299913
4369	0.299732
4370	0.299560
4371	0.299401
4372	0.299250
4373	0.299104
4374	0.298966
4375	0.298840
4376	0.298716
4377	0.298600
4378	0.298490
4379	0.298377
4380	0.298277
4381	0.298180
4382	0.298083
4383	0.297994
4384	0.297903
4385	0.289455
4386	0.284119
4387	0.282029
4388	0.280865
4389	0.280061
4390	0.279443
4391	0.278943
4392	0.278530
4393	0.278174
4394	0.277856
4395	0.277581
4396	0.277332
4397	0.277104
4398	0.276900
4399	0.276702
4400	0.276526
4401	0.276359
4402	0.276209
4403	0.276064
4404	0.275926
4405	0.275793
4406	0.275667
4407	0.275550
4408	0.275434
4409	0.275329
4410	0.275223
4411	0.275128
4412	0.275034
4413	0.274949
4414	0.274866
4415	0.274783
4416	0.274709
4417	0.266818
4418	0.261915
4419	0.259994
4420	0.258923
4421	0.258182
4422	0.257614
4423	0.257158
4424	0.256774
4425	0.256439
4426	0.256154
4427	0.255903
4428	0.255670
4429	0.255464
4430	0.255269
4431	0.255092
4432	0.254928
4433	0.254772
4434	0.254627
4435	0.254494
4436	0.254367
4437	0.254240
4438	0.254124
4439	0.254016
4440	0.253913
4441	0.253818
4442	0.253732
4443	0.253649
4444	0.253564
4445	0.253481
4446	0.253406
4447	0.253331
4448	0.253261
4449	0.242124
4450	0.237624
4451	0.235868
4452	0.234881
4453	0.234203
4454	0.233678
4455	0.233260
4456	0.232908
4457	0.232609
4458	0.232348
4459	0.232109
4460	0.231896
4461	0.231706
4462	0.231527
4463	0.231366
4464	0.231213
4465	0.231072
4466	0.230939
4467	0.230821
4468	0.230704
4469	0.230593
4470	0.230489
4471	0.230389
4472	0.230299
4473	0.230213
4474	0.230130
4475	0.230053
4476	0.229978
4477	0.229904
4478	0.229838
4479	0.229769
4480	0.229705
4481	0.210427
4482	0.206462
4483	0.204899
4484	0.204025
4485	0.203424
4486	0.202974
4487	0.202606
4488	0.202291
4489	0.202030
4490	0.201801
4491	0.201599
4492	0.201412
4493	0.201244
4494	0.201085
4495	0.200945
4496	0.200817
4497	0.200700
4498	0.200589
4499	0.200487
4500	0.200387
4501	0.200292
4502	0.200206
4503	0.200127
4504	0.200051
4505	0.199976
4506	0.199906
4507	0.199837
4508	0.199769
4509	0.199708
4510	0.199643
4511	0.199582
4512	0.199522
4513	0.179256
4514	0.175777
4515	0.174426
4516	0.173667
4517	0.173146
4518	0.172752
4519	0.172429
4520	0.172162
4521	0.171931
4522	0.171725
4523	0.171543
4524	0.171384
4525	0.171242
4526	0.171115
4527	0.170990
4528	0.170881
4529	0.170778
4530	0.170685
4531	0.170592
4532	0.170510
4533	0.170430
4534	0.170356
4535	0.170289
4536	0.170222
4537	0.170155
4538	0.170091
4539	0.170036
4540	0.169978
4541	0.169927
4542	0.169878
4543	0.169831
4544	0.169788
4545	0.165864
4546	0.162574
4547	0.161289
4548	0.160571
4549	0.160076
4550	0.159703
4551	0.159402
4552	0.159151
4553	0.158935
4554	0.158746
4555	0.158576
4556	0.158423
4557	0.158280
4558	0.158158
4559	0.158040
4560	0.157931
4561	0.157829
4562	0.157739
4563	0.157655
4564	0.157573
4565	0.157498
4566	0.157433
4567	0.157370
4568	0.157306
4569	0.157247
4570	0.157188
4571	0.157131
4572	0.157079
4573	0.157028
4574	0.156979
4575	0.156934
4576	0.156890
4577	0.176108
4578	0.172620
4579	0.171254
4580	0.170498
4581	0.169974
4582	0.169575
4583	0.169256
4584	0.168991
4585	0.168761
4586	0.168562
4587	0.168382
4588	0.168224
4589	0.168086
4590	0.167954
4591	0.167830
4592	0.167721
4593	0.167617
4594	0.167525
4595	0.167436
4596	0.167356
4597	0.167282
4598	0.167211
4599	0.167143
4600	0.167079
4601	0.167019
4602	0.166962
4603	0.166907
4604	0.166858
4605	0.166807
4606	0.166759
4607	0.166715
4608	0.166671
4609	0.192374
4610	0.188559
4611	0.187065
4612	0.186233
4613	0.185662
4614	0.185229
4615	0.184882
4616	0.184587
4617	0.184339
4618	0.184126
4619	0.183931
4620	0.183762
4621	0.183610
4622	0.183471
4623	0.183346
4624	0.183228
4625	0.183116
4626	0.183016
4627	0.182919
4628	0.182835
4629	0.182754
4630	0.182678
4631	0.182606
4632	0.182539
4633	0.182475
4634	0.182416
4635	0.182358
4636	0.182302
4637	0.182248
4638	0.182199
4639	0.182152
4640	0.182106
4641	0.207669
4642	0.203570
4643	0.201972
4644	0.201090
4645	0.200476
4646	0.200011
4647	0.199638
4648	0.199331
4649	0.199067
4650	0.198834
4651	0.198633
4652	0.198450
4653	0.198283
4654	0.198136
4655	0.197991
4656	0.197863
4657	0.197736
4658	0.197622
4659	0.197510
4660	0.197407
4661	0.197310
4662	0.197219
4663	0.197134
4664	0.197059
4665	0.196983
4666	0.196913
4667	0.196846
4668	0.196783
4669	0.196725
4670	0.196669
4671	0.196615
4672	0.196564
4673	0.221395
4674	0.217110
4675	0.215433
4676	0.214497
4677	0.213851
4678	0.213359
4679	0.212970
4680	0.212640
4681	0.212359
4682	0.212115
4683	0.211895
4684	0.211700
4685	0.211521
4686	0.211364
4687	0.211218
4688	0.211082
4689	0.210955
4690	0.210838
4691	0.210727
4692	0.210619
4693	0.210521
4694	0.210429
4695	0.210345
4696	0.210256
4697	0.210179
4698	0.210105
4699	0.210033
4700	0.209962
4701	0.209897
4702	0.209836
4703	0.209777
4704	0.209717
4705	0.227845
4706	0.223501
4707	0.221800
4708	0.220857
4709	0.220199
4710	0.219703
4711	0.219302
4712	0.218964
4713	0.218682
4714	0.218435
4715	0.218210
4716	0.218012
4717	0.217832
4718	0.217664
4719	0.217514
4720	0.217371
4721	0.217239
4722	0.217114
4723	0.216997
4724	0.216888
4725	0.216789
4726	0.216696
4727	0.216608
4728	0.216519
4729	0.216435
4730	0.216358
4731	0.216285
4732	0.216211
4733	0.216143
4734	0.216077
4735	0.216014
4736	0.215956
4737	0.228306
4738	0.224033
4739	0.222361
4740	0.221424
4741	0.220781
4742	0.220290
4743	0.219896
4744	0.219572
4745	0.219287
4746	0.219041
4747	0.218820
4748	0.218622
4749	0.218440
4750	0.218273
4751	0.218121
4752	0.217985
4753	0.217856
4754	0.217735
4755	0.217623
4756	0.217517
4757	0.217417
4758	0.217325
4759	0.217235
4760	0.217149
4761	0.217072
4762	0.217000
4763	0.216924
4764	0.216855
4765	0.216786
4766	0.216718
4767	0.216654
4768	0.216595
4769	0.223104
4770	0.218934
4771	0.217306
4772	0.216398
4773	0.215768
4774	0.215292
4775	0.214908
4776	0.214585
4777	0.214313
4778	0.214067
4779	0.213851
4780	0.213662
4781	0.213483
4782	0.213320
4783	0.213174
4784	0.213039
4785	0.212919
4786	0.212802
4787	0.212693
4788	0.212590
4789	0.212492
4790	0.212399
4791	0.212311
4792	0.212227
4793	0.212151
4794	0.212072
4795	0.211993
4796	0.211922
4797	0.211856
4798	0.211796
4799	0.211738
4800	0.211682
4801	0.212632
4802	0.208665
4803	0.207111
4804	0.206243
4805	0.205647
4806	0.205196
4807	0.204828
4808	0.204527
4809	0.204262
4810	0.204030
4811	0.203824
4812	0.203638
4813	0.203470
4814	0.203318
4815	0.203181
4816	0.203049
4817	0.202929
4818	0.202815
4819	0.202711
4820	0.202614
4821	0.202522
4822	0.202440
4823	0.202361
4824	0.202280
4825	0.202203
4826	0.202127
4827	0.202061
4828	0.201993
4829	0.201930
4830	0.201874
4831	0.201819
4832	0.201768
4833	0.200377
4834	0.196636
4835	0.195180
4836	0.194364
4837	0.193802
4838	0.193378
4839	0.193034
4840	0.192747
4841	0.192501
4842	0.192283
4843	0.192084
4844	0.191912
4845	0.191757
4846	0.191612
4847	0.191478
4848	0.191354
4849	0.191235
4850	0.191130
4851	0.191033
4852	0.190943
4853	0.190859
4854	0.190775
4855	0.190701
4856	0.190624
4857	0.190559
4858	0.190493
4859	0.190432
4860	0.190366
4861	0.190311
4862	0.190258
4863	0.190206
4864	0.190159
4865	0.187662
4866	0.184154
4867	0.182783
4868	0.182023
4869	0.181493
4870	0.181091
4871	0.180768
4872	0.180500
4873	0.180270
4874	0.180062
4875	0.179883
4876	0.179716
4877	0.179567
4878	0.179435
4879	0.179307
4880	0.179193
4881	0.179087
4882	0.178989
4883	0.178896
4884	0.178812
4885	0.178734
4886	0.178655
4887	0.178585
4888	0.178514
4889	0.178446
4890	0.178383
4891	0.178319
4892	0.178263
4893	0.178213
4894	0.178157
4895	0.178107
4896	0.178056
4897	0.169191
4898	0.165992
4899	0.164747
4900	0.164048
4901	0.163568
4902	0.163203
4903	0.162907
4904	0.162665
4905	0.162455
4906	0.162275
4907	0.162110
4908	0.161959
4909	0.161826
4910	0.161703
4911	0.161589
4912	0.161490
4913	0.161391
4914	0.161300
4915	0.161215
4916	0.161138
4917	0.161062
4918	0.160993
4919	0.160930
4920	0.160865
4921	0.160808
4922	0.160755
4923	0.160702
4924	0.160653
4925	0.160604
4926	0.160557
4927	0.160508
4928	0.160461
4929	0.146556
4930	0.143762
4931	0.142669
4932	0.142057
4933	0.141643
4934	0.141321
4935	0.141068
4936	0.140851
4937	0.140669
4938	0.140510
4939	0.140369
4940	0.140242
4941	0.140128
4942	0.140022
4943	0.139923
4944	0.139831
4945	0.139746
4946	0.139666
4947	0.139591
4948	0.139524
4949	0.139460
4950	0.139399
4951	0.139341
4952	0.139292
4953	0.139239
4954	0.139195
4955	0.139152
4956	0.139110
4957	0.139071
4958	0.139033
4959	0.138995
4960	0.138961
4961	0.125770
4962	0.123305
4963	0.122341
4964	0.121804
4965	0.121436
4966	0.121153
4967	0.120931
4968	0.120741
4969	0.120581
4970	0.120443
4971	0.120315
4972	0.120202
4973	0.120097
4974	0.120005
4975	0.119924
4976	0.119848
4977	0.119780
4978	0.119717
4979	0.119655
4980	0.119598
4981	0.119547
4982	0.119497
4983	0.119454
4984	0.119414
4985	0.119373
4986	0.119336
4987	0.119301
4988	0.119267
4989	0.119234
4990	0.119204
4991	0.119174
4992	0.119143
4993	0.119213
4994	0.116811
4995	0.115879
4996	0.115355
4997	0.115002
4998	0.114729
4999	0.114508
5000	0.114328
5001	0.114170
5002	0.114040
5003	0.113915
5004	0.113812
5005	0.113712
5006	0.113625
5007	0.113548
5008	0.113477
5009	0.113410
5010	0.113343
5011	0.113283
5012	0.113227
5013	0.113174
5014	0.113126
5015	0.113086
5016	0.113044
5017	0.113004
5018	0.112966
5019	0.112934
5020	0.112903
5021	0.112875
5022	0.112845
5023	0.112820
5024	0.112795
5025	0.125642
5026	0.123043
5027	0.122051
5028	0.121509
5029	0.121130
5030	0.120847
5031	0.120616
5032	0.120427
5033	0.120264
5034	0.120121
5035	0.119996
5036	0.119885
5037	0.119787
5038	0.119703
5039	0.119622
5040	0.119550
5041	0.119481
5042	0.119420
5043	0.119365
5044	0.119310
5045	0.119252
5046	0.119203
5047	0.119152
5048	0.119106
5049	0.119064
5050	0.119024
5051	0.118988
5052	0.118947
5053	0.118911
5054	0.118879
5055	0.118847
5056	0.118817
5057	0.134184
5058	0.131509
5059	0.130473
5060	0.129892
5061	0.129496
5062	0.129197
5063	0.128957
5064	0.128755
5065	0.128593
5066	0.128452
5067	0.128320
5068	0.128205
5069	0.128101
5070	0.128004
5071	0.127917
5072	0.127836
5073	0.127762
5074	0.127696
5075	0.127636
5076	0.127580
5077	0.127527
5078	0.127480
5079	0.127432
5080	0.127389
5081	0.127345
5082	0.127306
5083	0.127265
5084	0.127228
5085	0.127191
5086	0.127158
5087	0.127127
5088	0.127092
5089	0.142278
5090	0.139409
5091	0.138305
5092	0.137691
5093	0.137272
5094	0.136951
5095	0.136695
5096	0.136484
5097	0.136296
5098	0.136140
5099	0.135998
5100	0.135878
5101	0.135761
5102	0.135660
5103	0.135562
5104	0.135477
5105	0.135397
5106	0.135327
5107	0.135259
5108	0.135201
5109	0.135141
5110	0.135092
5111	0.135045
5112	0.135000
5113	0.134955
5114	0.134916
5115	0.134876
5116	0.134836
5117	0.134799
5118	0.134763
5119	0.134729
5120	0.134693
5121	0.147993
5122	0.145056
5123	0.143925
5124	0.143292
5125	0.142865
5126	0.142531
5127	0.142267
5128	0.142050
5129	0.141868
5130	0.141702
5131	0.141560
5132	0.141433
5133	0.141313
5134	0.141205
5135	0.141110
5136	0.141020
5137	0.140934
5138	0.140857
5139	0.140787
5140	0.140726
5141	0.140661
5142	0.140601
5143	0.140545
5144	0.140500
5145	0.140458
5146	0.140415
5147	0.140378
5148	0.140341
5149	0.140302
5150	0.140266
5151	0.140232
5152	0.140200
5153	0.151598
5154	0.148690
5155	0.147559
5156	0.146936
5157	0.146497
5158	0.146169
5159	0.145907
5160	0.145684
5161	0.145498
5162	0.145332
5163	0.145189
5164	0.145060
5165	0.144942
5166	0.144832
5167	0.144732
5168	0.144640
5169	0.144556
5170	0.144478
5171	0.144406
5172	0.144340
5173	0.144277
5174	0.144218
5175	0.144163
5176	0.144108
5177	0.144051
5178	0.144004
5179	0.143959
5180	0.143918
5181	0.143876
5182	0.143838
5183	0.143796
5184	0.143763
5185	0.153386
5186	0.150483
5187	0.149352
5188	0.148725
5189	0.148292
5190	0.147963
5191	0.147704
5192	0.147483
5193	0.147294
5194	0.147130
5195	0.146982
5196	0.146849
5197	0.146736
5198	0.146630
5199	0.146530
5200	0.146438
5201	0.146353
5202	0.146275
5203	0.146202
5204	0.146134
5205	0.146069
5206	0.146005
5207	0.145947
5208	0.145893
5209	0.145842
5210	0.145793
5211	0.145749
5212	0.145702
5213	0.145659
5214	0.145617
5215	0.145578
5216	0.145536
5217	0.151673
5218	0.148807
5219	0.147694
5220	0.147072
5221	0.146644
5222	0.146320
5223	0.146060
5224	0.145842
5225	0.145656
5226	0.145491
5227	0.145350
5228	0.145220
5229	0.145106
5230	0.145000
5231	0.144905
5232	0.144816
5233	0.144731
5234	0.144653
5235	0.144580
5236	0.144510
5237	0.144447
5238	0.144382
5239	0.144323
5240	0.144270
5241	0.144216
5242	0.144168
5243	0.144121
5244	0.144075
5245	0.144033
5246	0.143991
5247	0.143952
5248	0.143914
5249	0.147027
5250	0.144243
5251	0.143162
5252	0.142554
5253	0.142141
5254	0.141829
5255	0.141576
5256	0.141367
5257	0.141182
5258	0.141027
5259	0.140884
5260	0.140760
5261	0.140649
5262	0.140544
5263	0.140454
5264	0.140369
5265	0.140290
5266	0.140216
5267	0.140150
5268	0.140085
5269	0.140025
5270	0.139968
5271	0.139916
5272	0.139865
5273	0.139815
5274	0.139771
5275	0.139726
5276	0.139683
5277	0.139643
5278	0.139602
5279	0.139565
5280	0.139523
5281	0.140815
5282	0.138149
5283	0.137112
5284	0.136529
5285	0.136131
5286	0.135827
5287	0.135587
5288	0.135382
5289	0.135208
5290	0.135058
5291	0.134925
5292	0.134805
5293	0.134691
5294	0.134593
5295	0.134498
5296	0.134416
5297	0.134338
5298	0.134267
5299	0.134198
5300	0.134134
5301	0.134068
5302	0.134013
5303	0.133958
5304	0.133912
5305	0.133861
5306	0.133816
5307	0.133768
5308	0.133721
5309	0.133679
5310	0.133639
5311	0.133603
5312	0.133565
5313	0.132002
5314	0.129487
5315	0.128510
5316	0.127967
5317	0.127592
5318	0.127308
5319	0.127083
5320	0.126889
5321	0.126726
5322	0.126585
5323	0.126457
5324	0.126341
5325	0.126236
5326	0.126139
5327	0.126056
5328	0.125975
5329	0.125898
5330	0.125836
5331	0.125770
5332	0.125710
5333	0.125662
5334	0.125609
5335	0.125564
5336	0.125517
5337	0.125475
5338	0.125428
5339	0.125385
5340	0.125342
5341	0.125305
5342	0.125262
5343	0.125226
5344	0.125187
5345	0.118091
5346	0.115825
5347	0.114945
5348	0.114449
5349	0.114114
5350	0.113857
5351	0.113650
5352	0.113484
5353	0.113338
5354	0.113209
5355	0.113092
5356	0.112992
5357	0.112898
5358	0.112814
5359	0.112737
5360	0.112664
5361	0.112600
5362	0.112540
5363	0.112486
5364	0.112437
5365	0.112390
5366	0.112340
5367	0.112293
5368	0.112250
5369	0.112212
5370	0.112175
5371	0.112136
5372	0.112102
5373	0.112070
5374	0.112039
5375	0.112009
5376	0.111982
5377	0.102066
5378	0.100071
5379	0.099305
5380	0.098874
5381	0.098583
5382	0.098362
5383	0.098181
5384	0.098028
5385	0.097902
5386	0.097789
5387	0.097689
5388	0.097600
5389	0.097521
5390	0.097453
5391	0.097389
5392	0.097327
5393	0.097271
5394	0.097221
5395	0.097179
5396	0.097136
5397	0.097101
5398	0.097064
5399	0.097027
5400	0.096997
5401	0.096968
5402	0.096938
5403	0.096911
5404	0.096888
5405	0.096859
5406	0.096830
5407	0.096807
5408	0.096785
5409	0.088127
5410	0.086380
5411	0.085702
5412	0.085325
5413	0.085070
5414	0.084875
5415	0.084717
5416	0.084587
5417	0.084476
5418	0.084379
5419	0.084301
5420	0.084227
5421	0.084161
5422	0.084102
5423	0.084043
5424	0.083993
5425	0.083950
5426	0.083904
5427	0.083864
5428	0.083828
5429	0.083795
5430	0.083764
5431	0.083736
5432	0.083711
5433	0.083688
5434	0.083666
5435	0.083647
5436	0.083632
5437	0.083614
5438	0.083597
5439	0.083582
5440	0.083570
5441	0.085398
5442	0.083688
5443	0.083026
5444	0.082656
5445	0.082403
5446	0.082217
5447	0.082061
5448	0.081933
5449	0.081827
5450	0.081732
5451	0.081651
5452	0.081580
5453	0.081517
5454	0.081455
5455	0.081401
5456	0.081350
5457	0.081300
5458	0.081259
5459	0.081218
5460	0.081182
5461	0.081153
5462	0.081122
5463	0.081097
5464	0.081075
5465	0.081053
5466	0.081033
5467	0.081014
5468	0.081000
5469	0.080988
5470	0.080973
5471	0.080962
5472	0.080951
5473	0.089785
5474	0.087968
5475	0.087263
5476	0.086882
5477	0.086616
5478	0.086420
5479	0.086264
5480	0.086132
5481	0.086022
5482	0.085925
5483	0.085840
5484	0.085764
5485	0.085698
5486	0.085637
5487	0.085582
5488	0.085528
5489	0.085483
5490	0.085440
5491	0.085400
5492	0.085359
5493	0.085322
5494	0.085294
5495	0.085268
5496	0.085243
5497	0.085218
5498	0.085193
5499	0.085172
5500	0.085152
5501	0.085132
5502	0.085115
5503	0.085099
5504	0.085085
5505	0.094371
5506	0.092459
5507	0.091733
5508	0.091332
5509	0.091047
5510	0.090840
5511	0.090676
5512	0.090542
5513	0.090427
5514	0.090324
5515	0.090235
5516	0.090158
5517	0.090091
5518	0.090027
5519	0.089972
5520	0.089920
5521	0.089877
5522	0.089833
5523	0.089785
5524	0.089744
5525	0.089707
5526	0.089671
5527	0.089641
5528	0.089607
5529	0.089580
5530	0.089552
5531	0.089527
5532	0.089506
5533	0.089484
5534	0.089465
5535	0.089448
5536	0.089432
