1	780.013000
2	707.966797
3	689.608826
4	680.888062
5	674.950195
6	670.463745
7	666.864014
8	663.863708
9	661.292236
10	659.044495
11	657.049377
12	655.256042
13	653.629211
14	652.140564
15	650.766479
16	649.494141
17	648.308594
18	647.198181
19	646.154358
20	645.170654
21	644.240295
22	643.357178
23	642.517029
24	641.716736
25	640.951294
26	640.219360
27	639.517700
28	638.843567
29	638.195068
30	637.569885
31	636.967651
32	636.386108
33	635.823669
34	601.759827
35	588.990417
36	582.039001
37	577.303284
38	573.725464
39	570.855957
40	568.465088
41	566.417175
42	564.627930
43	563.040283
44	561.613464
45	560.319031
46	559.134338
47	558.043335
48	557.031799
49	556.088867
50	555.207336
51	554.377563
52	553.596741
53	552.857056
54	552.156006
55	551.489014
56	550.853210
57	550.246521
58	549.664490
59	549.107971
60	548.572144
61	548.057739
62	547.562073
63	547.084290
64	546.622253
65	546.176147
66	518.960083
67	508.914642
68	503.422852
69	499.670044
70	496.827789
71	494.544739
72	492.639465
73	491.005981
74	489.577057
75	488.307495
76	487.166199
77	486.130280
78	485.181122
79	484.306305
80	483.494843
81	482.738556
82	482.030457
83	481.364655
84	480.736420
85	480.142151
86	479.577911
87	479.041351
88	478.529633
89	478.041046
90	477.572876
91	477.124146
92	476.692535
93	476.278107
94	475.878235
95	475.492310
96	475.120850
97	474.759827
98	452.762726
99	444.531891
100	440.007324
101	436.906342
102	434.553925
103	432.661102
104	431.079865
105	429.722870
106	428.534729
107	427.478882
108	426.528351
109	425.665833
110	424.875183
111	424.145416
112	423.468872
113	422.837799
114	422.246765
115	421.691101
116	421.166229
117	420.669586
118	420.198059
119	419.749908
120	419.321625
121	418.913147
122	418.521698
123	418.146057
124	417.785004
125	417.437775
126	417.102936
127	416.780548
128	416.468628
129	416.166565
130	397.730957
131	390.764709
132	386.922852
133	384.285553
134	382.282837
135	380.670013
136	379.322083
137	378.163971
138	377.150513
139	376.248627
140	375.437408
141	374.699768
142	374.023987
143	373.400909
144	372.821716
145	372.281952
146	371.776337
147	371.300873
148	370.851898
149	370.426941
150	370.024017
151	369.639618
152	369.273224
153	368.923279
154	368.588165
155	368.266357
156	367.957336
157	367.659607
158	367.373077
159	367.096161
160	366.829285
161	366.570770
162	350.818390
163	344.867584
164	341.578400
165	339.317169
166	337.598877
167	336.214600
168	335.056610
169	334.062012
170	333.190674
171	332.415527
172	331.717834
173	331.083466
174	330.502258
175	329.965881
176	329.468079
177	329.003418
178	328.568176
179	328.158936
180	327.772308
181	327.406494
182	327.059052
183	326.727875
184	326.412720
185	326.111328
186	325.821991
187	325.544922
188	325.278564
189	325.022034
190	324.775146
191	324.536224
192	324.306427
193	324.083435
194	310.460907
195	305.262756
196	302.387634
197	300.410736
198	298.907471
199	297.696045
200	296.683105
201	295.812012
202	295.049469
203	294.371155
204	293.760406
205	293.205078
206	292.696014
207	292.226318
208	291.790314
209	291.383575
210	291.002106
211	290.643707
212	290.305054
213	289.984741
214	289.680542
215	289.390625
216	289.114441
217	288.850159
218	288.597351
219	288.354065
220	288.120636
221	287.895996
222	287.680115
223	287.470764
224	287.268951
225	287.073700
226	275.138184
227	270.577423
228	268.052795
229	266.316437
230	264.996826
231	263.933014
232	263.043213
233	262.278473
234	261.608215
235	261.012085
236	260.475342
237	259.987701
238	259.540375
239	259.127655
240	258.744476
241	258.387115
242	258.052032
243	257.736816
244	257.439606
245	257.157471
246	256.890320
247	256.635803
248	256.392731
249	256.160400
250	255.938004
251	255.724792
252	255.519592
253	255.322342
254	255.131958
255	254.948273
256	254.770798
257	254.599228
258	244.108093
259	240.095337
260	237.873886
261	236.346130
262	235.184402
263	234.247940
264	233.464523
265	232.791046
266	232.201294
267	231.676682
268	231.203949
269	230.774521
270	230.380722
271	230.017075
272	229.679840
273	229.365036
274	229.069977
275	228.792480
276	228.530655
277	228.282669
278	228.047241
279	227.822815
280	227.609329
281	227.404572
282	227.208557
283	227.020554
284	226.840012
285	226.665970
286	226.498489
287	226.336807
288	226.180435
289	226.029343
290	216.790100
291	213.254883
292	211.296768
293	209.950409
294	208.926086
295	208.100815
296	207.410126
297	206.816788
298	206.296677
299	205.834015
300	205.417358
301	205.038696
302	204.691574
303	204.371155
304	204.073761
305	203.796127
306	203.536346
307	203.291519
308	203.060410
309	202.841858
310	202.634354
311	202.436462
312	202.247833
313	202.067352
314	201.894806
315	201.729233
316	201.569809
317	201.416550
318	201.268982
319	201.126328
320	200.988449
321	200.855148
322	192.708618
323	189.590256
324	187.863266
325	186.675003
326	185.771439
327	185.043320
328	184.434021
329	183.910294
330	183.451401
331	183.043350
332	182.675827
333	182.341599
334	182.035202
335	181.752579
336	181.490250
337	181.245224
338	181.015701
339	180.799866
340	180.596130
341	180.403076
342	180.219864
343	180.045181
344	179.878830
345	179.719696
346	179.567276
347	179.421097
348	179.280685
349	179.145111
350	179.014832
351	178.889053
352	178.767395
353	178.649872
354	171.484360
355	168.744202
356	167.226486
357	166.199402
358	165.424637
359	164.800186
360	164.277710
361	163.828598
362	163.435120
363	163.085159
364	162.769989
365	162.483353
366	162.220612
367	161.978119
368	161.753036
369	161.543106
370	161.346252
371	161.161133
372	160.986221
373	160.820801
374	160.663559
375	160.513916
376	160.371185
377	160.234985
378	160.103958
379	159.978561
380	159.858063
381	159.742004
382	159.630157
383	159.522141
384	159.418045
385	159.317169
386	153.151398
387	150.790161
388	149.482056
389	148.582199
390	147.897675
391	147.346130
392	146.884415
393	146.487778
394	146.140060
395	145.830765
396	145.552216
397	145.299057
398	145.067062
399	144.852554
400	144.653961
401	144.468292
402	144.294525
403	144.130875
404	143.976471
405	143.830307
406	143.691315
407	143.559204
408	143.432922
409	143.312500
410	143.196838
411	143.085983
412	142.979630
413	142.877014
414	142.778244
415	142.682953
416	142.590546
417	142.501511
418	137.054031
419	134.967041
420	133.811035
421	133.015671
422	132.410721
423	131.923096
424	131.515121
425	131.164520
426	130.857224
427	130.583954
428	130.337555
429	130.113785
430	129.908661
431	129.719482
432	129.543488
433	129.379471
434	129.225815
435	129.081085
436	128.944580
437	128.815323
438	128.692612
439	128.575653
440	128.464279
441	128.357742
442	128.255661
443	128.157516
444	128.063324
445	127.972832
446	127.885452
447	127.801109
448	127.719635
449	127.640839
450	122.825157
451	120.980095
452	119.957794
453	119.254448
454	118.719467
455	118.288361
456	117.927505
457	117.617340
458	117.345612
459	117.103745
460	116.886147
461	116.688210
462	116.506729
463	116.339264
464	116.183754
465	116.038742
466	115.902832
467	115.774902
468	115.654190
469	115.539848
470	115.431160
471	115.327797
472	115.229279
473	115.134979
474	115.044662
475	114.958038
476	114.874832
477	114.794662
478	114.717300
479	114.642792
480	114.570694
481	114.500847
482	110.241821
483	108.609314
484	107.705009
485	107.082771
486	106.609398
487	106.227913
488	105.908615
489	105.634178
490	105.393745
491	105.184364
492	104.998016
493	104.828773
494	104.673683
495	104.530457
496	104.397415
497	104.273224
498	104.156929
499	104.047531
500	103.944206
501	103.846352
502	103.753517
503	103.665047
504	103.580650
505	103.500031
506	103.422791
507	103.348511
508	103.277359
509	103.208725
510	103.142509
511	103.078842
512	103.017067
513	102.957443
514	99.311134
515	97.912720
516	97.137802
517	96.604492
518	96.198738
519	95.871483
520	95.597794
521	95.362625
522	95.156464
523	94.973022
524	94.807785
525	94.657715
526	94.519897
527	94.392845
528	94.274834
529	94.164619
530	94.061516
531	93.964432
532	93.872780
533	93.786018
534	93.703621
535	93.625168
536	93.550255
537	93.478691
538	93.410133
539	93.344246
540	93.281082
541	93.220306
542	93.161606
543	93.105011
544	93.050354
545	92.997353
546	89.761925
547	88.520721
548	87.832932
549	87.359550
550	86.999336
551	86.708931
552	86.465805
553	86.256996
554	86.073898
555	85.911171
556	85.764427
557	85.630951
558	85.508751
559	85.395790
560	85.292984
561	85.199646
562	85.112312
563	85.030037
564	84.952370
565	84.878815
566	84.809036
567	84.742546
568	84.679184
569	84.618462
570	84.560394
571	84.504654
572	84.451111
573	84.399544
574	84.349800
575	84.301750
576	84.255501
577	84.210533
578	81.468704
579	80.415375
580	79.831230
581	79.429253
582	79.123260
583	78.876488
584	78.669968
585	78.492500
586	78.336967
587	78.198479
588	78.073868
589	77.960457
590	77.856529
591	77.760681
592	77.671547
593	77.588394
594	77.510529
595	77.437225
596	77.368050
597	77.302498
598	77.240181
599	77.180962
600	77.124428
601	77.070396
602	77.018578
603	76.968948
604	76.921188
605	76.875206
606	76.830917
607	76.788124
608	76.746811
609	76.706863
610	74.262810
611	73.323608
612	72.802643
613	72.444031
614	72.171112
615	71.951042
616	71.766853
617	71.608513
618	71.469742
619	71.346207
620	71.235039
621	71.133774
622	71.041069
623	70.955566
624	70.876060
625	70.801949
626	70.732422
627	70.666992
628	70.605247
629	70.546776
630	70.491211
631	70.438362
632	70.387978
633	70.339714
634	70.293457
635	70.249153
636	70.206551
637	70.165558
638	70.126030
639	70.087906
640	70.051010
641	70.015282
642	67.834465
643	66.996017
644	66.531052
645	66.210876
646	65.967148
647	65.770660
648	65.606110
649	65.464752
650	65.340820
651	65.230530
652	65.131256
653	65.040863
654	64.958145
655	64.881599
656	64.810715
657	64.744469
658	64.682343
659	64.623917
660	64.568764
661	64.516632
662	64.466972
663	64.419815
664	64.374725
665	64.331635
666	64.290337
667	64.250809
668	64.212685
669	64.176109
670	64.140755
671	64.106697
672	64.073730
673	64.041924
674	62.094032
675	61.344906
676	60.929279
677	60.643066
678	60.425243
679	60.249733
680	60.102634
681	59.976276
682	59.865509
683	59.766891
684	59.678104
685	59.597324
686	59.523338
687	59.455002
688	59.391518
689	59.332352
690	59.276829
691	59.224602
692	59.175293
693	59.128624
694	59.084305
695	59.042027
696	59.001797
697	58.963261
698	58.926399
699	58.891045
700	58.856895
701	58.824177
702	58.792606
703	58.762165
704	58.732719
705	58.704277
706	56.971161
707	56.304161
708	55.933975
709	55.679173
710	55.485123
711	55.328636
712	55.197639
713	55.085102
714	54.986397
715	54.898529
716	54.819382
717	54.747437
718	54.681450
719	54.620544
720	54.564079
721	54.511253
722	54.461792
723	54.415283
724	54.371326
725	54.329739
726	54.290276
727	54.252544
728	54.216698
729	54.182423
730	54.149483
731	54.117905
732	54.087589
733	54.058426
734	54.030228
735	54.003109
736	53.976784
737	53.951469
738	52.399124
739	51.801479
740	51.469742
741	51.241318
742	51.067402
743	50.927208
744	50.809769
745	50.708778
746	50.620312
747	50.541595
748	50.470642
749	50.406174
750	50.347046
751	50.292423
752	50.241734
753	50.194439
754	50.150074
755	50.108360
756	50.069023
757	50.031681
758	49.996231
759	49.962471
760	49.930378
761	49.899582
762	49.870113
763	49.841812
764	49.814560
765	49.788448
766	49.763206
767	49.738884
768	49.715378
769	49.692524
770	48.329643
771	47.816502
772	47.531578
773	47.335320
774	47.185890
775	47.065323
776	46.964470
777	46.877647
778	46.801575
779	46.733898
780	46.672871
781	46.617477
782	46.566589
783	46.519634
784	46.476074
785	46.435333
786	46.397240
787	46.361382
788	46.327518
789	46.295376
790	46.264946
791	46.235958
792	46.208191
793	46.181767
794	46.156372
795	46.132057
796	46.108643
797	46.086155
798	46.064430
799	46.043480
800	46.023232
801	46.003609
802	44.805317
803	44.343525
804	44.087070
805	43.910355
806	43.775829
807	43.667328
808	43.576412
809	43.498310
810	43.429840
811	43.368843
812	43.313923
813	43.263939
814	43.218140
815	43.175835
816	43.136543
817	43.099850
818	43.065460
819	43.033089
820	43.002518
821	42.973595
822	42.946117
823	42.919891
824	42.894878
825	42.870975
826	42.848022
827	42.826000
828	42.804852
829	42.784454
830	42.764824
831	42.745834
832	42.727497
833	42.709702
834	41.616539
835	41.153816
836	40.866203
837	40.648514
838	40.468864
839	40.313530
840	40.174294
841	40.048409
842	39.933567
843	39.827721
844	39.729389
845	39.637486
846	39.551170
847	39.469822
848	39.393082
849	39.320419
850	39.251514
851	39.186043
852	39.124615
853	39.066479
854	39.010960
855	38.958908
856	38.909081
857	38.861313
858	38.815342
859	38.771114
860	38.728523
861	38.687424
862	38.647751
863	38.609390
864	38.572254
865	38.536339
866	36.318718
867	35.522564
868	35.092442
869	34.818871
870	34.618626
871	34.457935
872	34.323944
873	34.217197
874	34.127296
875	34.047283
876	33.975269
877	33.910469
878	33.851246
879	33.796593
880	33.745857
881	33.698528
882	33.654419
883	33.613258
884	33.574394
885	33.537613
886	33.502640
887	33.469391
888	33.437668
889	33.407333
890	33.378258
891	33.350376
892	33.323582
893	33.297791
894	33.272934
895	33.248951
896	33.225948
897	33.203812
898	31.858879
899	31.351273
900	31.070850
901	30.878437
902	30.732292
903	30.614525
904	30.515989
905	30.431288
906	30.357103
907	30.291079
908	30.231609
909	30.177570
910	30.128025
911	30.082336
912	30.039860
913	30.000254
914	29.963139
915	29.928244
916	29.895264
917	29.864048
918	29.834412
919	29.806192
920	29.779266
921	29.753529
922	29.728872
923	29.705229
924	29.682487
925	29.660606
926	29.639502
927	29.619165
928	29.599497
929	29.580456
930	28.414604
931	27.969246
932	27.722534
933	27.552761
934	27.423613
935	27.319510
936	27.232382
937	27.157490
938	27.091846
939	27.033447
940	26.980865
941	26.933022
942	26.889187
943	26.848732
944	26.811136
945	26.776098
946	26.743256
947	26.712322
948	26.683151
949	26.655510
950	26.629261
951	26.604254
952	26.580421
953	26.557650
954	26.535807
955	26.514872
956	26.494699
957	26.475330
958	26.456656
959	26.438618
960	26.421192
961	26.404337
962	25.375643
963	24.982204
964	24.763937
965	24.613625
966	24.499266
967	24.407047
968	24.329838
969	24.263605
970	24.205584
971	24.153988
972	24.107525
973	24.065395
974	24.026838
975	23.991180
976	23.958117
977	23.927237
978	23.898302
979	23.871128
980	23.845470
981	23.821215
982	23.798164
983	23.776257
984	23.755318
985	23.735306
986	23.716127
987	23.697742
988	23.680046
989	23.663017
990	23.646637
991	23.630796
992	23.615501
993	23.600687
994	22.694954
995	22.346498
996	22.153133
997	22.019947
998	21.918585
999	21.836830
1000	21.768389
1001	21.709547
1002	21.657976
1003	21.612072
1004	21.570736
1005	21.533134
1006	21.498674
1007	21.466846
1008	21.437305
1009	21.409712
1010	21.383884
1011	21.359568
1012	21.336613
1013	21.314869
1014	21.294207
1015	21.274553
1016	21.255793
1017	21.237860
1018	21.220659
1019	21.204172
1020	21.188322
1021	21.173065
1022	21.158363
1023	21.144173
1024	21.130461
1025	21.117203
1026	20.305412
1027	19.993143
1028	19.819855
1029	19.700531
1030	19.609684
1031	19.536453
1032	19.475136
1033	19.422409
1034	19.376213
1035	19.335083
1036	19.298027
1037	19.264368
1038	19.233475
1039	19.204975
1040	19.178513
1041	19.153811
1042	19.130659
1043	19.108860
1044	19.088291
1045	19.068821
1046	19.050316
1047	19.032713
1048	19.015888
1049	18.999838
1050	18.984447
1051	18.969654
1052	18.955452
1053	18.941807
1054	18.928631
1055	18.915895
1056	18.903608
1057	18.891754
1058	18.164667
1059	17.885025
1060	17.729870
1061	17.623020
1062	17.541677
1063	17.476107
1064	17.421209
1065	17.374012
1066	17.332638
1067	17.295822
1068	17.262657
1069	17.232527
1070	17.204868
1071	17.179344
1072	17.155647
1073	17.133539
1074	17.112797
1075	17.093304
1076	17.074898
1077	17.057461
1078	17.040907
1079	17.025135
1080	17.010082
1081	16.995705
1082	16.981922
1083	16.968702
1084	16.955994
1085	16.943764
1086	16.931961
1087	16.920580
1088	16.909584
1089	16.898949
1090	16.248150
1091	15.997883
1092	15.859004
1093	15.763397
1094	15.690622
1095	15.631931
1096	15.582790
1097	15.540565
1098	15.503543
1099	15.470596
1100	15.440932
1101	15.413940
1102	15.389202
1103	15.366372
1104	15.345161
1105	15.325383
1106	15.306829
1107	15.289390
1108	15.272910
1109	15.257305
1110	15.242493
1111	15.228382
1112	15.214920
1113	15.202047
1114	15.189720
1115	15.177896
1116	15.166521
1117	15.155574
1118	15.145004
1119	15.134831
1120	15.124987
1121	15.115458
1122	14.533190
1123	14.309295
1124	14.185067
1125	14.099533
1126	14.034426
1127	13.981924
1128	13.937969
1129	13.900196
1130	13.867079
1131	13.837610
1132	13.811062
1133	13.786934
1134	13.764803
1135	13.744369
1136	13.725395
1137	13.707710
1138	13.691116
1139	13.675505
1140	13.660766
1141	13.646814
1142	13.633556
1143	13.620941
1144	13.608900
1145	13.597386
1146	13.586349
1147	13.575785
1148	13.565598
1149	13.555807
1150	13.546366
1151	13.537255
1152	13.528449
1153	13.519937
1154	12.999111
1155	12.798851
1156	12.687737
1157	12.611227
1158	12.552994
1159	12.506034
1160	12.466741
1161	12.432947
1162	12.403327
1163	12.376974
1164	12.353232
1165	12.331644
1166	12.311848
1167	12.293579
1168	12.276614
1169	12.260789
1170	12.245953
1171	12.231985
1172	12.218806
1173	12.206308
1174	12.194466
1175	12.183168
1176	12.172408
1177	12.162111
1178	12.152244
1179	12.142784
1180	12.133677
1181	12.124928
1182	12.116489
1183	12.108347
1184	12.100476
1185	12.092863
1186	11.627083
1187	11.447973
1188	11.348612
1189	11.280188
1190	11.228107
1191	11.186112
1192	11.150959
1193	11.120749
1194	11.094269
1195	11.070683
1196	11.049461
1197	11.030153
1198	11.012449
1199	10.996107
1200	10.980942
1201	10.966780
1202	10.953523
1203	10.941031
1204	10.929259
1205	10.918091
1206	10.907494
1207	10.897392
1208	10.887768
1209	10.878567
1210	10.869741
1211	10.861271
1212	10.853134
1213	10.845303
1214	10.837757
1215	10.830469
1216	10.823437
1217	10.816620
1218	10.400091
1219	10.239923
1220	10.151060
1221	10.089876
1222	10.043314
1223	10.005759
1224	9.974329
1225	9.947302
1226	9.923607
1227	9.902533
1228	9.883553
1229	9.866290
1230	9.850463
1231	9.835850
1232	9.822281
1233	9.809625
1234	9.797757
1235	9.786592
1236	9.776056
1237	9.766066
1238	9.756580
1239	9.747560
1240	9.738945
1241	9.730719
1242	9.722832
1243	9.715256
1244	9.707987
1245	9.700981
1246	9.694236
1247	9.687712
1248	9.681418
1249	9.675328
1250	9.302839
1251	9.159614
1252	9.080153
1253	9.025429
1254	8.983788
1255	8.950209
1256	8.922091
1257	8.897926
1258	8.876745
1259	8.857899
1260	8.840920
1261	8.825481
1262	8.811319
1263	8.798251
1264	8.786123
1265	8.774806
1266	8.764185
1267	8.754206
1268	8.744778
1269	8.735844
1270	8.727371
1271	8.719305
1272	8.711601
1273	8.704231
1274	8.697180
1275	8.690413
1276	8.683908
1277	8.677645
1278	8.671608
1279	8.665773
1280	8.660149
1281	8.654696
1282	8.321610
1283	8.193527
1284	8.122470
1285	8.073540
1286	8.036301
1287	8.006270
1288	7.981132
1289	7.959517
1290	7.940576
1291	7.923715
1292	7.908536
1293	7.894725
1294	7.882070
1295	7.870386
1296	7.859541
1297	7.849416
1298	7.839925
1299	7.831000
1300	7.822569
1301	7.814590
1302	7.807011
1303	7.799796
1304	7.792903
1305	7.786321
1306	7.780012
1307	7.773959
1308	7.768138
1309	7.762539
1310	7.757141
1311	7.751935
1312	7.746893
1313	7.742022
1314	7.444155
1315	7.329607
1316	7.266061
1317	7.222301
1318	7.188993
1319	7.162139
1320	7.139660
1321	7.120329
1322	7.103388
1323	7.088313
1324	7.074741
1325	7.062393
1326	7.051071
1327	7.040627
1328	7.030922
1329	7.021870
1330	7.013385
1331	7.005405
1332	6.997863
1333	6.990726
1334	6.983937
1335	6.977478
1336	6.971319
1337	6.965434
1338	6.959788
1339	6.954377
1340	6.949170
1341	6.944161
1342	6.939330
1343	6.934680
1344	6.930181
1345	6.925821
1346	6.659441
1347	6.557004
1348	6.500167
1349	6.461036
1350	6.431249
1351	6.407243
1352	6.387130
1353	6.369849
1354	6.354698
1355	6.341214
1356	6.329075
1357	6.318035
1358	6.307907
1359	6.298566
1360	6.289886
1361	6.281793
1362	6.274200
1363	6.267059
1364	6.260320
1365	6.253934
1366	6.247869
1367	6.242096
1368	6.236588
1369	6.231323
1370	6.226278
1371	6.221434
1372	6.216787
1373	6.212303
1374	6.207992
1375	6.203819
1376	6.199797
1377	6.195898
1378	5.957672
1379	5.866058
1380	5.815231
1381	5.780237
1382	5.753602
1383	5.732127
1384	5.714139
1385	5.698686
1386	5.685133
1387	5.673074
1388	5.662214
1389	5.652338
1390	5.643289
1391	5.634929
1392	5.627169
1393	5.619930
1394	5.613143
1395	5.606759
1396	5.600727
1397	5.595019
1398	5.589603
1399	5.584444
1400	5.579513
1401	5.574806
1402	5.570298
1403	5.565965
1404	5.561803
1405	5.557793
1406	5.553922
1407	5.550196
1408	5.546593
1409	5.543104
1410	5.330053
1411	5.248113
1412	5.202654
1413	5.171351
1414	5.147526
1415	5.128312
1416	5.112232
1417	5.098406
1418	5.086284
1419	5.075495
1420	5.065787
1421	5.056952
1422	5.048858
1423	5.041388
1424	5.034442
1425	5.027966
1426	5.021899
1427	5.016190
1428	5.010792
1429	5.005683
1430	5.000840
1431	4.996217
1432	4.991807
1433	4.987596
1434	4.983552
1435	4.979681
1436	4.975956
1437	4.972371
1438	4.968921
1439	4.965581
1440	4.962365
1441	4.959245
1442	4.768692
1443	4.695406
1444	4.654756
1445	4.626752
1446	4.605441
1447	4.588255
1448	4.573872
1449	4.561508
1450	4.550669
1451	4.541026
1452	4.532336
1453	4.524437
1454	4.517198
1455	4.510509
1456	4.504301
1457	4.498512
1458	4.493083
1459	4.487972
1460	4.483142
1461	4.478574
1462	4.474234
1463	4.470101
1464	4.466155
1465	4.462387
1466	4.458781
1467	4.455319
1468	4.451985
1469	4.448783
1470	4.445692
1471	4.442716
1472	4.439834
1473	4.437048
1474	4.266605
1475	4.201061
1476	4.164690
1477	4.139652
1478	4.120590
1479	4.105220
1480	4.092345
1481	4.081288
1482	4.071593
1483	4.062969
1484	4.055198
1485	4.048132
1486	4.041656
1487	4.035676
1488	4.030122
1489	4.024940
1490	4.020086
1491	4.015514
1492	4.011197
1493	4.007114
1494	4.003236
1495	3.999543
1496	3.996014
1497	3.992645
1498	3.989411
1499	3.986314
1500	3.983341
1501	3.980474
1502	3.977713
1503	3.975046
1504	3.972470
1505	3.969981
1506	3.817526
1507	3.758895
1508	3.726362
1509	3.703966
1510	3.686918
1511	3.673164
1512	3.661655
1513	3.651765
1514	3.643091
1515	3.635376
1516	3.628429
1517	3.622109
1518	3.616309
1519	3.610958
1520	3.605992
1521	3.601357
1522	3.597012
1523	3.592925
1524	3.589064
1525	3.585409
1526	3.581939
1527	3.578636
1528	3.575486
1529	3.572468
1530	3.569579
1531	3.566809
1532	3.564150
1533	3.561588
1534	3.559114
1535	3.556729
1536	3.554425
1537	3.552194
1538	3.415826
1539	3.363378
1540	3.334278
1541	3.314237
1542	3.298986
1543	3.286686
1544	3.276397
1545	3.267549
1546	3.259792
1547	3.252884
1548	3.246663
1549	3.241007
1550	3.235818
1551	3.231036
1552	3.226592
1553	3.222446
1554	3.218562
1555	3.214906
1556	3.211452
1557	3.208187
1558	3.205086
1559	3.202132
1560	3.199317
1561	3.196620
1562	3.194037
1563	3.191558
1564	3.189177
1565	3.186883
1566	3.184675
1567	3.182540
1568	3.180482
1569	3.178488
1570	3.056501
1571	3.009579
1572	2.983548
1573	2.965626
1574	2.951980
1575	2.940982
1576	2.931773
1577	2.923853
1578	2.916911
1579	2.910738
1580	2.905174
1581	2.900118
1582	2.895479
1583	2.891195
1584	2.887224
1585	2.883514
1586	2.880038
1587	2.876769
1588	2.873684
1589	2.870755
1590	2.867981
1591	2.865336
1592	2.862813
1593	2.860403
1594	2.858095
1595	2.855879
1596	2.853748
1597	2.851699
1598	2.849722
1599	2.847814
1600	2.845971
1601	2.844188
1602	2.735059
1603	2.693081
1604	2.669793
1605	2.653758
1606	2.641553
1607	2.631714
1608	2.623473
1609	2.616389
1610	2.610181
1611	2.604654
1612	2.599678
1613	2.595153
1614	2.591010
1615	2.587182
1616	2.583627
1617	2.580313
1618	2.577203
1619	2.574274
1620	2.571513
1621	2.568897
1622	2.566417
1623	2.564050
1624	2.561796
1625	2.559642
1626	2.557577
1627	2.555592
1628	2.553686
1629	2.551847
1630	2.550075
1631	2.548365
1632	2.546714
1633	2.545115
1634	2.447482
1635	2.409927
1636	2.389088
1637	2.374745
1638	2.363827
1639	2.355020
1640	2.347647
1641	2.341309
1642	2.335756
1643	2.330812
1644	2.326365
1645	2.322314
1646	2.318604
1647	2.315176
1648	2.311996
1649	2.309030
1650	2.306248
1651	2.303632
1652	2.301161
1653	2.298824
1654	2.296605
1655	2.294484
1656	2.292463
1657	2.290531
1658	2.288679
1659	2.286896
1660	2.285192
1661	2.283546
1662	2.281956
1663	2.280427
1664	2.278945
1665	2.277520
1666	2.190178
1667	2.156587
1668	2.137946
1669	2.125112
1670	2.115340
1671	2.107462
1672	2.100867
1673	2.095199
1674	2.090232
1675	2.085810
1676	2.081831
1677	2.078212
1678	2.074888
1679	2.071824
1680	2.068984
1681	2.066329
1682	2.063843
1683	2.061499
1684	2.059287
1685	2.057188
1686	2.055197
1687	2.053301
1688	2.051490
1689	2.049763
1690	2.048105
1691	2.046514
1692	2.044986
1693	2.043514
1694	2.042094
1695	2.040726
1696	2.039400
1697	2.038120
1698	1.959982
1699	1.929929
1700	1.913255
1701	1.901770
1702	1.893028
1703	1.885981
1704	1.880082
1705	1.875010
1706	1.870562
1707	1.866607
1708	1.863048
1709	1.859813
1710	1.856845
1711	1.854102
1712	1.851552
1713	1.849175
1714	1.846940
1715	1.844845
1716	1.842863
1717	1.840993
1718	1.839211
1719	1.837514
1720	1.835895
1721	1.834348
1722	1.832868
1723	1.831442
1724	1.830074
1725	1.828758
1726	1.827487
1727	1.826263
1728	1.825083
1729	1.823940
1730	1.754028
1731	1.727137
1732	1.712219
1733	1.701943
1734	1.694122
1735	1.687817
1736	1.682537
1737	1.678000
1738	1.674023
1739	1.670484
1740	1.667296
1741	1.664400
1742	1.661736
1743	1.659280
1744	1.656998
1745	1.654866
1746	1.652871
1747	1.650997
1748	1.649228
1749	1.647549
1750	1.645955
1751	1.644436
1752	1.642990
1753	1.641609
1754	1.640280
1755	1.639009
1756	1.637787
1757	1.636613
1758	1.635481
1759	1.634387
1760	1.633324
1761	1.632298
1762	1.569751
1763	1.545691
1764	1.532341
1765	1.523145
1766	1.516147
1767	1.510508
1768	1.505786
1769	1.501729
1770	1.498167
1771	1.495001
1772	1.492146
1773	1.489549
1774	1.487169
1775	1.484970
1776	1.482931
1777	1.481029
1778	1.479244
1779	1.477565
1780	1.475977
1781	1.474476
1782	1.473052
1783	1.471693
1784	1.470400
1785	1.469162
1786	1.467973
1787	1.466837
1788	1.465741
1789	1.464685
1790	1.463667
1791	1.462691
1792	1.461742
1793	1.460823
1794	1.404862
1795	1.383334
1796	1.371391
1797	1.363164
1798	1.356906
1799	1.351858
1800	1.347633
1801	1.344002
1802	1.340816
1803	1.337981
1804	1.335422
1805	1.333103
1806	1.330971
1807	1.329006
1808	1.327180
1809	1.325483
1810	1.323891
1811	1.322388
1812	1.320967
1813	1.319619
1814	1.318341
1815	1.317128
1816	1.315968
1817	1.314856
1818	1.313789
1819	1.312772
1820	1.311796
1821	1.310852
1822	1.309943
1823	1.309063
1824	1.308212
1825	1.307392
1826	1.257318
1827	1.238059
1828	1.227371
1829	1.220011
1830	1.214411
1831	1.209893
1832	1.206111
1833	1.202857
1834	1.200003
1835	1.197467
1836	1.195182
1837	1.193104
1838	1.191204
1839	1.189443
1840	1.187813
1841	1.186287
1842	1.184855
1843	1.183509
1844	1.182236
1845	1.181031
1846	1.179892
1847	1.178804
1848	1.177764
1849	1.176775
1850	1.175821
1851	1.174908
1852	1.174031
1853	1.173187
1854	1.172379
1855	1.171596
1856	1.170833
1857	1.170099
1858	1.125296
1859	1.108060
1860	1.098496
1861	1.091910
1862	1.086900
1863	1.082856
1864	1.079469
1865	1.076559
1866	1.074005
1867	1.071732
1868	1.069690
1869	1.067830
1870	1.066124
1871	1.064545
1872	1.063085
1873	1.061720
1874	1.060440
1875	1.059235
1876	1.058102
1877	1.057019
1878	1.056001
1879	1.055025
1880	1.054097
1881	1.053205
1882	1.052351
1883	1.051540
1884	1.050760
1885	1.050001
1886	1.049272
1887	1.048569
1888	1.047892
1889	1.047235
1890	1.007144
1891	0.991719
1892	0.983164
1893	0.977271
1894	0.972781
1895	0.969162
1896	0.966131
1897	0.963530
1898	0.961250
1899	0.959218
1900	0.957386
1901	0.955719
1902	0.954191
1903	0.952780
1904	0.951471
1905	0.950251
1906	0.949109
1907	0.948027
1908	0.947010
1909	0.946051
1910	0.945135
1911	0.944261
1912	0.943433
1913	0.942641
1914	0.941878
1915	0.941145
1916	0.940445
1917	0.939768
1918	0.939118
1919	0.938491
1920	0.937883
1921	0.937295
1922	0.901425
1923	0.887622
1924	0.879966
1925	0.874692
1926	0.870679
1927	0.867441
1928	0.864729
1929	0.862397
1930	0.860352
1931	0.858532
1932	0.856895
1933	0.855406
1934	0.854036
1935	0.852772
1936	0.851603
1937	0.850511
1938	0.849487
1939	0.848527
1940	0.847618
1941	0.846754
1942	0.845939
1943	0.845162
1944	0.844416
1945	0.843704
1946	0.843025
1947	0.842370
1948	0.841743
1949	0.841141
1950	0.840557
1951	0.839994
1952	0.839453
1953	0.838928
1954	0.806828
1955	0.794480
1956	0.787629
1957	0.782906
1958	0.779310
1959	0.776411
1960	0.773985
1961	0.771897
1962	0.770069
1963	0.768443
1964	0.766976
1965	0.765644
1966	0.764420
1967	0.763294
1968	0.762242
1969	0.761268
1970	0.760350
1971	0.759486
1972	0.758675
1973	0.757905
1974	0.757170
1975	0.756473
1976	0.755806
1977	0.755170
1978	0.754562
1979	0.753976
1980	0.753415
1981	0.752875
1982	0.752354
1983	0.751848
1984	0.751362
1985	0.750890
1986	0.722153
1987	0.711101
1988	0.704968
1989	0.700742
1990	0.697528
1991	0.694933
1992	0.692760
1993	0.690895
1994	0.689258
1995	0.687801
1996	0.686490
1997	0.685298
1998	0.684203
1999	0.683196
2000	0.682259
2001	0.681380
2002	0.680565
2003	0.679793
2004	0.679062
2005	0.678370
2006	0.677716
2007	0.677091
2008	0.676497
2009	0.675928
2010	0.675386
2011	0.674863
2012	0.674358
2013	0.673875
2014	0.673405
2015	0.672951
2016	0.672517
2017	0.672094
2018	0.646382
2019	0.636496
2020	0.631005
2021	0.627223
2022	0.624348
2023	0.622026
2024	0.620080
2025	0.618411
2026	0.616945
2027	0.615641
2028	0.614467
2029	0.613399
2030	0.612422
2031	0.611519
2032	0.610680
2033	0.609896
2034	0.609163
2035	0.608473
2036	0.607823
2037	0.607206
2038	0.606619
2039	0.606066
2040	0.605533
2041	0.605022
2042	0.604535
2043	0.604065
2044	0.603610
2045	0.603178
2046	0.602760
2047	0.602356
2048	0.601968
2049	0.601593
2050	0.578586
2051	0.569734
2052	0.564819
2053	0.561435
2054	0.558859
2055	0.556781
2056	0.555043
2057	0.553548
2058	0.552236
2059	0.551068
2060	0.550017
2061	0.549064
2062	0.548185
2063	0.547378
2064	0.546626
2065	0.545925
2066	0.545274
2067	0.544654
2068	0.544067
2069	0.543516
2070	0.542995
2071	0.542492
2072	0.542014
2073	0.541558
2074	0.541122
2075	0.540701
2076	0.540296
2077	0.539912
2078	0.539541
2079	0.539181
2080	0.538835
2081	0.538503
2082	0.517913
2083	0.509985
2084	0.505587
2085	0.502560
2086	0.500253
2087	0.498394
2088	0.496839
2089	0.495500
2090	0.494322
2091	0.493279
2092	0.492344
2093	0.491488
2094	0.490705
2095	0.489982
2096	0.489308
2097	0.488681
2098	0.488091
2099	0.487540
2100	0.487022
2101	0.486526
2102	0.486055
2103	0.485605
2104	0.485176
2105	0.484770
2106	0.484378
2107	0.484004
2108	0.483645
2109	0.483303
2110	0.482973
2111	0.482652
2112	0.482340
2113	0.482037
2114	0.463601
2115	0.456510
2116	0.452575
2117	0.449862
2118	0.447796
2119	0.446132
2120	0.444741
2121	0.443543
2122	0.442495
2123	0.441561
2124	0.440722
2125	0.439956
2126	0.439254
2127	0.438609
2128	0.438010
2129	0.437451
2130	0.436926
2131	0.436427
2132	0.435960
2133	0.435514
2134	0.435094
2135	0.434691
2136	0.434314
2137	0.433954
2138	0.433607
2139	0.433277
2140	0.432955
2141	0.432643
2142	0.432345
2143	0.432055
2144	0.431772
2145	0.431495
2146	0.415007
2147	0.408663
2148	0.405138
2149	0.402712
2150	0.400865
2151	0.399374
2152	0.398127
2153	0.397053
2154	0.396119
2155	0.395286
2156	0.394534
2157	0.393848
2158	0.393220
2159	0.392641
2160	0.392103
2161	0.391600
2162	0.391129
2163	0.390687
2164	0.390267
2165	0.389869
2166	0.389496
2167	0.389139
2168	0.388804
2169	0.388480
2170	0.388166
2171	0.387865
2172	0.387576
2173	0.387294
2174	0.387020
2175	0.386760
2176	0.386509
2177	0.385747
2178	0.371360
2179	0.365751
2180	0.362629
2181	0.360477
2182	0.358839
2183	0.357517
2184	0.356408
2185	0.355456
2186	0.354624
2187	0.353881
2188	0.353211
2189	0.352604
2190	0.352046
2191	0.351530
2192	0.351050
2193	0.350603
2194	0.350182
2195	0.349783
2196	0.349416
2197	0.349065
2198	0.348735
2199	0.348417
2200	0.348110
2201	0.347822
2202	0.347539
2203	0.347264
2204	0.347003
2205	0.346755
2206	0.346521
2207	0.346291
2208	0.346069
2209	0.345860
2210	0.332707
2211	0.327635
2212	0.324821
2213	0.322881
2214	0.321403
2215	0.320213
2216	0.319214
2217	0.318358
2218	0.317606
2219	0.316935
2220	0.316335
2221	0.315787
2222	0.315285
2223	0.314821
2224	0.314391
2225	0.313985
2226	0.313613
2227	0.313259
2228	0.312931
2229	0.312614
2230	0.312314
2231	0.312025
2232	0.311745
2233	0.311479
2234	0.311227
2235	0.310989
2236	0.310756
2237	0.310536
2238	0.310328
2239	0.310127
2240	0.309934
2241	0.309106
2242	0.297743
2243	0.293277
2244	0.290789
2245	0.289071
2246	0.287766
2247	0.286707
2248	0.285821
2249	0.285063
2250	0.284394
2251	0.283803
2252	0.283271
2253	0.282783
2254	0.282334
2255	0.281917
2256	0.281540
2257	0.281182
2258	0.280854
2259	0.280537
2260	0.280239
2261	0.279953
2262	0.279679
2263	0.279421
2264	0.279179
2265	0.278950
2266	0.278726
2267	0.278517
2268	0.278317
2269	0.278126
2270	0.277937
2271	0.277754
2272	0.277576
2273	0.277401
2274	0.266885
2275	0.262824
2276	0.260570
2277	0.259016
2278	0.257835
2279	0.256877
2280	0.256079
2281	0.255389
2282	0.254789
2283	0.254257
2284	0.253774
2285	0.253334
2286	0.252928
2287	0.252561
2288	0.252222
2289	0.251899
2290	0.251597
2291	0.251310
2292	0.251032
2293	0.250777
2294	0.250537
2295	0.250307
2296	0.250090
2297	0.249888
2298	0.249695
2299	0.249505
2300	0.249320
2301	0.249142
2302	0.248968
2303	0.248796
2304	0.248633
2305	0.247928
2306	0.238845
2307	0.235270
2308	0.233277
2309	0.231905
2310	0.230857
2311	0.230013
2312	0.229306
2313	0.228698
2314	0.228164
2315	0.227689
2316	0.227262
2317	0.226873
2318	0.226519
2319	0.226192
2320	0.225880
2321	0.225592
2322	0.225318
2323	0.225063
2324	0.224824
2325	0.224601
2326	0.224390
2327	0.224192
2328	0.224004
2329	0.223819
2330	0.223639
2331	0.223466
2332	0.223297
2333	0.223136
2334	0.222985
2335	0.222840
2336	0.222698
2337	0.222562
2338	0.214164
2339	0.210931
2340	0.209140
2341	0.207903
2342	0.206960
2343	0.206201
2344	0.205571
2345	0.205023
2346	0.204550
2347	0.204127
2348	0.203746
2349	0.203400
2350	0.203077
2351	0.202781
2352	0.202499
2353	0.202239
2354	0.202000
2355	0.201774
2356	0.201565
2357	0.201372
2358	0.201182
2359	0.200999
2360	0.200823
2361	0.200654
2362	0.200495
2363	0.200342
2364	0.200196
2365	0.200057
2366	0.199923
2367	0.199793
2368	0.199669
2369	0.199088
2370	0.191879
2371	0.189041
2372	0.187453
2373	0.186362
2374	0.185526
2375	0.184852
2376	0.184290
2377	0.183805
2378	0.183382
2379	0.183008
2380	0.182672
2381	0.182361
2382	0.182074
2383	0.181805
2384	0.181560
2385	0.181334
2386	0.181123
2387	0.180930
2388	0.180742
2389	0.180562
2390	0.180388
2391	0.180225
2392	0.180068
2393	0.179923
2394	0.179786
2395	0.179650
2396	0.179520
2397	0.179395
2398	0.179274
2399	0.179158
2400	0.179049
2401	0.178234
2402	0.172119
2403	0.169661
2404	0.168283
2405	0.167330
2406	0.166604
2407	0.166019
2408	0.165524
2409	0.165100
2410	0.164731
2411	0.164403
2412	0.164103
2413	0.163825
2414	0.163575
2415	0.163346
2416	0.163138
2417	0.162944
2418	0.162760
2419	0.162582
2420	0.162413
2421	0.162256
2422	0.162106
2423	0.161967
2424	0.161834
2425	0.161702
2426	0.161578
2427	0.161462
2428	0.161349
2429	0.161240
2430	0.161135
2431	0.161029
2432	0.160927
2433	0.162526
2434	0.156756
2435	0.154557
2436	0.153326
2437	0.152477
2438	0.151834
2439	0.151311
2440	0.150869
2441	0.150492
2442	0.150159
2443	0.149864
2444	0.149593
2445	0.149352
2446	0.149134
2447	0.148931
2448	0.148742
2449	0.148566
2450	0.148400
2451	0.148245
2452	0.148096
2453	0.147959
2454	0.147828
2455	0.147700
2456	0.147579
2457	0.147464
2458	0.147355
2459	0.147247
2460	0.147140
2461	0.147036
2462	0.146933
2463	0.146835
2464	0.146737
2465	0.153712
2466	0.147835
2467	0.145628
2468	0.144412
2469	0.143580
2470	0.142950
2471	0.142445
2472	0.142022
2473	0.141658
2474	0.141345
2475	0.141063
2476	0.140806
2477	0.140572
2478	0.140362
2479	0.140168
2480	0.139991
2481	0.139823
2482	0.139663
2483	0.139513
2484	0.139369
2485	0.139235
2486	0.139105
2487	0.138984
2488	0.138867
2489	0.138757
2490	0.138651
2491	0.138549
2492	0.138448
2493	0.138350
2494	0.138253
2495	0.138165
2496	0.138079
2497	0.144635
2498	0.139601
2499	0.137610
2500	0.136497
2501	0.135730
2502	0.135146
2503	0.134673
2504	0.134277
2505	0.133938
2506	0.133636
2507	0.133367
2508	0.133124
2509	0.132909
2510	0.132709
2511	0.132524
2512	0.132354
2513	0.132196
2514	0.132044
2515	0.131904
2516	0.131774
2517	0.131647
2518	0.131532
2519	0.131421
2520	0.131312
2521	0.131206
2522	0.131102
2523	0.131000
2524	0.130900
2525	0.130803
2526	0.130710
2527	0.130623
2528	0.130538
2529	0.137135
2530	0.132297
2531	0.130413
2532	0.129359
2533	0.128632
2534	0.128076
2535	0.127626
2536	0.127248
2537	0.126930
2538	0.126645
2539	0.126393
2540	0.126164
2541	0.125956
2542	0.125771
2543	0.125597
2544	0.125436
2545	0.125286
2546	0.125145
2547	0.125011
2548	0.124880
2549	0.124761
2550	0.124649
2551	0.124543
2552	0.124440
2553	0.124340
2554	0.124242
2555	0.124148
2556	0.124058
2557	0.123974
2558	0.123891
2559	0.123809
2560	0.123733
2561	0.132900
2562	0.128178
2563	0.126314
2564	0.125273
2565	0.124555
2566	0.124012
2567	0.123572
2568	0.123206
2569	0.122890
2570	0.122612
2571	0.122366
2572	0.122144
2573	0.121943
2574	0.121758
2575	0.121592
2576	0.121436
2577	0.121291
2578	0.121153
2579	0.121019
2580	0.120896
2581	0.120779
2582	0.120665
2583	0.120560
2584	0.120459
2585	0.120358
2586	0.120262
2587	0.120169
2588	0.120081
2589	0.119997
2590	0.119915
2591	0.119835
2592	0.119761
2593	0.128390
2594	0.123980
2595	0.122206
2596	0.121214
2597	0.120526
2598	0.120002
2599	0.119580
2600	0.119225
2601	0.118922
2602	0.118651
2603	0.118412
2604	0.118201
2605	0.118004
2606	0.117822
2607	0.117661
2608	0.117508
2609	0.117367
2610	0.117233
2611	0.117105
2612	0.116989
2613	0.116878
2614	0.116768
2615	0.116666
2616	0.116567
2617	0.116470
2618	0.116376
2619	0.116285
2620	0.116200
2621	0.116118
2622	0.116038
2623	0.115960
2624	0.115888
2625	0.126074
2626	0.121673
2627	0.119924
2628	0.118946
2629	0.118271
2630	0.117755
2631	0.117340
2632	0.116994
2633	0.116695
2634	0.116432
2635	0.116197
2636	0.115987
2637	0.115798
2638	0.115622
2639	0.115461
2640	0.115315
2641	0.115177
2642	0.115044
2643	0.114919
2644	0.114809
2645	0.114701
2646	0.114596
2647	0.114493
2648	0.114396
2649	0.114299
2650	0.114208
2651	0.114118
2652	0.114034
2653	0.113951
2654	0.113872
2655	0.113797
2656	0.113729
2657	0.123519
2658	0.119318
2659	0.117639
2660	0.116702
2661	0.116060
2662	0.115567
2663	0.115170
2664	0.114840
2665	0.114553
2666	0.114299
2667	0.114075
2668	0.113876
2669	0.113692
2670	0.113525
2671	0.113371
2672	0.113228
2673	0.113094
2674	0.112969
2675	0.112849
2676	0.112738
2677	0.112637
2678	0.112536
2679	0.112436
2680	0.112341
2681	0.112247
2682	0.112157
2683	0.112070
2684	0.111989
2685	0.111911
2686	0.111835
2687	0.111763
2688	0.111699
2689	0.122515
2690	0.118311
2691	0.116636
2692	0.115695
2693	0.115049
2694	0.114548
2695	0.114149
2696	0.113814
2697	0.113526
2698	0.113272
2699	0.113047
2700	0.112845
2701	0.112662
2702	0.112494
2703	0.112340
2704	0.112198
2705	0.112064
2706	0.111940
2707	0.111822
2708	0.111711
2709	0.111607
2710	0.111506
2711	0.111406
2712	0.111312
2713	0.111220
2714	0.111130
2715	0.111045
2716	0.110964
2717	0.110885
2718	0.110811
2719	0.110740
2720	0.110674
2721	0.121769
2722	0.117505
2723	0.115835
2724	0.114899
2725	0.114255
2726	0.113761
2727	0.113362
2728	0.113029
2729	0.112741
2730	0.112490
2731	0.112264
2732	0.112064
2733	0.111881
2734	0.111715
2735	0.111560
2736	0.111421
2737	0.111287
2738	0.111162
2739	0.111042
2740	0.110932
2741	0.110832
2742	0.110729
2743	0.110629
2744	0.110535
2745	0.110443
2746	0.110353
2747	0.110267
2748	0.110187
2749	0.110108
2750	0.110036
2751	0.109966
2752	0.109903
2753	0.121566
2754	0.117264
2755	0.115583
2756	0.114640
2757	0.113990
2758	0.113494
2759	0.113094
2760	0.112759
2761	0.112470
2762	0.112215
2763	0.111989
2764	0.111788
2765	0.111604
2766	0.111438
2767	0.111282
2768	0.111139
2769	0.111003
2770	0.110878
2771	0.110759
2772	0.110648
2773	0.110547
2774	0.110443
2775	0.110346
2776	0.110250
2777	0.110156
2778	0.110065
2779	0.109978
2780	0.109896
2781	0.109817
2782	0.109742
2783	0.109674
2784	0.109609
2785	0.121455
2786	0.117136
2787	0.115447
2788	0.114499
2789	0.113846
2790	0.113347
2791	0.112946
2792	0.112609
2793	0.112319
2794	0.112064
2795	0.111837
2796	0.111635
2797	0.111450
2798	0.111284
2799	0.111128
2800	0.110985
2801	0.110850
2802	0.110723
2803	0.110602
2804	0.110491
2805	0.110389
2806	0.110286
2807	0.110187
2808	0.110092
2809	0.109998
2810	0.109906
2811	0.109820
2812	0.109736
2813	0.109659
2814	0.109584
2815	0.109514
2816	0.109450
2817	0.121455
2818	0.117136
2819	0.115447
2820	0.114499
2821	0.113846
2822	0.113347
2823	0.112946
2824	0.112609
2825	0.112319
2826	0.112064
2827	0.111837
2828	0.111635
2829	0.111450
2830	0.111284
2831	0.111128
2832	0.110985
2833	0.110850
2834	0.110723
2835	0.110602
2836	0.110491
2837	0.110389
2838	0.110286
2839	0.110187
2840	0.110092
2841	0.109998
2842	0.109906
2843	0.109820
2844	0.109736
2845	0.109659
2846	0.109584
2847	0.109514
2848	0.109450
2849	0.121455
2850	0.117136
2851	0.115447
2852	0.114499
2853	0.113846
2854	0.113347
2855	0.112946
2856	0.112609
2857	0.112319
2858	0.112064
2859	0.111837
2860	0.111635
2861	0.111450
2862	0.111284
2863	0.111128
2864	0.110985
2865	0.110850
2866	0.110723
2867	0.110602
2868	0.110491
2869	0.110389
2870	0.110286
2871	0.110187
2872	0.110092
2873	0.109998
2874	0.109906
2875	0.109820
2876	0.109736
2877	0.109659
2878	0.109584
2879	0.109514
2880	0.109450
2881	0.121455
2882	0.117136
2883	0.115447
2884	0.114499
2885	0.113846
2886	0.113347
2887	0.112946
2888	0.112609
2889	0.112319
2890	0.112064
2891	0.111837
2892	0.111635
2893	0.111450
2894	0.111284
2895	0.111128
2896	0.110985
2897	0.110850
2898	0.110723
2899	0.110602
2900	0.110491
2901	0.110389
2902	0.110286
2903	0.110187
2904	0.110092
2905	0.109998
2906	0.109906
2907	0.109820
2908	0.109736
2909	0.109659
2910	0.109584
2911	0.109514
2912	0.109450
2913	0.121455
2914	0.117136
2915	0.115447
2916	0.114499
2917	0.113846
2918	0.113347
2919	0.112946
2920	0.112609
2921	0.112319
2922	0.112064
2923	0.111837
2924	0.111635
2925	0.111450
2926	0.111284
2927	0.111128
2928	0.110985
2929	0.110850
2930	0.110723
2931	0.110602
2932	0.110491
2933	0.110389
2934	0.110286
2935	0.110187
2936	0.110092
2937	0.109998
2938	0.109906
2939	0.109820
2940	0.109736
2941	0.109659
2942	0.109584
2943	0.109514
2944	0.109450
2945	0.121455
2946	0.117136
2947	0.115447
2948	0.114499
2949	0.113846
2950	0.113347
2951	0.112946
2952	0.112609
2953	0.112319
2954	0.112064
2955	0.111837
2956	0.111635
2957	0.111450
2958	0.111284
2959	0.111128
2960	0.110985
2961	0.110850
2962	0.110723
2963	0.110602
2964	0.110491
2965	0.110389
2966	0.110286
2967	0.110187
2968	0.110092
2969	0.109998
2970	0.109906
2971	0.109820
2972	0.109736
2973	0.109659
2974	0.109584
2975	0.109514
2976	0.109450
2977	0.121455
2978	0.117136
2979	0.115447
2980	0.114499
2981	0.113846
2982	0.113347
2983	0.112946
2984	0.112609
2985	0.112319
2986	0.112064
2987	0.111837
2988	0.111635
2989	0.111450
2990	0.111284
2991	0.111128
2992	0.110985
2993	0.110850
2994	0.110723
2995	0.110602
2996	0.110491
2997	0.110389
2998	0.110286
2999	0.110187
3000	0.110092
3001	0.109998
3002	0.109906
3003	0.109820
3004	0.109736
3005	0.109659
3006	0.109584
3007	0.109514
3008	0.109450
3009	0.121455
3010	0.117136
3011	0.115447
3012	0.114499
3013	0.113846
3014	0.113347
3015	0.112946
3016	0.112609
3017	0.112319
3018	0.112064
3019	0.111837
3020	0.111635
3021	0.111450
3022	0.111284
3023	0.111128
3024	0.110985
3025	0.110850
3026	0.110723
3027	0.110602
3028	0.110491
3029	0.110389
3030	0.110286
3031	0.110187
3032	0.110092
3033	0.109998
3034	0.109906
3035	0.109820
3036	0.109736
3037	0.109659
3038	0.109584
3039	0.109514
3040	0.109450
3041	0.121455
3042	0.117136
3043	0.115447
3044	0.114499
3045	0.113846
3046	0.113347
3047	0.112946
3048	0.112609
3049	0.112319
3050	0.112064
3051	0.111837
3052	0.111635
3053	0.111450
3054	0.111284
3055	0.111128
3056	0.110985
3057	0.110850
3058	0.110723
3059	0.110602
3060	0.110491
3061	0.110389
3062	0.110286
3063	0.110187
3064	0.110092
3065	0.109998
3066	0.109906
3067	0.109820
3068	0.109736
3069	0.109659
3070	0.109584
3071	0.109514
3072	0.109450
3073	0.121455
3074	0.117136
3075	0.115447
3076	0.114499
3077	0.113846
3078	0.113347
3079	0.112946
3080	0.112609
3081	0.112319
3082	0.112064
3083	0.111837
3084	0.111635
3085	0.111450
3086	0.111284
3087	0.111128
3088	0.110985
3089	0.110850
3090	0.110723
3091	0.110602
3092	0.110491
3093	0.110389
3094	0.110286
3095	0.110187
3096	0.110092
3097	0.109998
3098	0.109906
3099	0.109820
3100	0.109736
3101	0.109659
3102	0.109584
3103	0.109514
3104	0.109450
3105	0.121455
3106	0.117136
3107	0.115447
3108	0.114499
3109	0.113846
3110	0.113347
3111	0.112946
3112	0.112609
3113	0.112319
3114	0.112064
3115	0.111837
3116	0.111635
3117	0.111450
3118	0.111284
3119	0.111128
3120	0.110985
3121	0.110850
3122	0.110723
3123	0.110602
3124	0.110491
3125	0.110389
3126	0.110286
3127	0.110187
3128	0.110092
3129	0.109998
3130	0.109906
3131	0.109820
3132	0.109736
3133	0.109659
3134	0.109584
3135	0.109514
3136	0.109450
3137	0.121455
3138	0.117136
3139	0.115447
3140	0.114499
3141	0.113846
3142	0.113347
3143	0.112946
3144	0.112609
3145	0.112319
3146	0.112064
3147	0.111837
3148	0.111635
3149	0.111450
3150	0.111284
3151	0.111128
3152	0.110985
3153	0.110850
3154	0.110723
3155	0.110602
3156	0.110491
3157	0.110389
3158	0.110286
3159	0.110187
3160	0.110092
3161	0.109998
3162	0.109906
3163	0.109820
3164	0.109736
3165	0.109659
3166	0.109584
3167	0.109514
3168	0.109450
3169	0.121455
3170	0.117136
3171	0.115447
3172	0.114499
3173	0.113846
3174	0.113347
3175	0.112946
3176	0.112609
3177	0.112319
3178	0.112064
3179	0.111837
3180	0.111635
3181	0.111450
3182	0.111284
3183	0.111128
3184	0.110985
3185	0.110850
3186	0.110723
3187	0.110602
3188	0.110491
3189	0.110389
3190	0.110286
3191	0.110187
3192	0.110092
3193	0.109998
3194	0.109906
3195	0.109820
3196	0.109736
3197	0.109659
3198	0.109584
3199	0.109514
3200	0.109450
3201	0.121455
3202	0.117136
3203	0.115447
3204	0.114499
3205	0.113846
3206	0.113347
3207	0.112946
3208	0.112609
3209	0.112319
3210	0.112064
3211	0.111837
3212	0.111635
3213	0.111450
3214	0.111284
3215	0.111128
3216	0.110985
3217	0.110850
3218	0.110723
3219	0.110602
3220	0.110491
3221	0.110389
3222	0.110286
3223	0.110187
3224	0.110092
3225	0.109998
3226	0.109906
3227	0.109820
3228	0.109736
3229	0.109659
3230	0.109584
3231	0.109514
3232	0.109450
3233	0.121455
3234	0.117136
3235	0.115447
3236	0.114499
3237	0.113846
3238	0.113347
3239	0.112946
3240	0.112609
3241	0.112319
3242	0.112064
3243	0.111837
3244	0.111635
3245	0.111450
3246	0.111284
3247	0.111128
3248	0.110985
3249	0.110850
3250	0.110723
3251	0.110602
3252	0.110491
3253	0.110389
3254	0.110286
3255	0.110187
3256	0.110092
3257	0.109998
3258	0.109906
3259	0.109820
3260	0.109736
3261	0.109659
3262	0.109584
3263	0.109514
3264	0.109450
3265	0.121455
3266	0.117136
3267	0.115447
3268	0.114499
3269	0.113846
3270	0.113347
3271	0.112946
3272	0.112609
3273	0.112319
3274	0.112064
3275	0.111837
3276	0.111635
3277	0.111450
3278	0.111284
3279	0.111128
3280	0.110985
3281	0.110850
3282	0.110723
3283	0.110602
3284	0.110491
3285	0.110389
3286	0.110286
3287	0.110187
3288	0.110092
3289	0.109998
3290	0.109906
3291	0.109820
3292	0.109736
3293	0.109659
3294	0.109584
3295	0.109514
3296	0.109450
3297	0.121455
3298	0.117136
3299	0.115447
3300	0.114499
3301	0.113846
3302	0.113347
3303	0.112946
3304	0.112609
3305	0.112319
3306	0.112064
3307	0.111837
3308	0.111635
3309	0.111450
3310	0.111284
3311	0.111128
3312	0.110985
3313	0.110850
3314	0.110723
3315	0.110602
3316	0.110491
3317	0.110389
3318	0.110286
3319	0.110187
3320	0.110092
3321	0.109998
3322	0.109906
3323	0.109820
3324	0.109736
3325	0.109659
3326	0.109584
3327	0.109514
3328	0.109450
3329	0.121455
3330	0.117136
3331	0.115447
3332	0.114499
3333	0.113846
3334	0.113347
3335	0.112946
3336	0.112609
3337	0.112319
3338	0.112064
3339	0.111837
3340	0.111635
3341	0.111450
3342	0.111284
3343	0.111128
3344	0.110985
3345	0.110850
3346	0.110723
3347	0.110602
3348	0.110491
3349	0.110389
3350	0.110286
3351	0.110187
3352	0.110092
3353	0.109998
3354	0.109906
3355	0.109820
3356	0.109736
3357	0.109659
3358	0.109584
3359	0.109514
3360	0.109450
3361	0.121455
3362	0.117136
3363	0.115447
3364	0.114499
3365	0.113846
3366	0.113347
3367	0.112946
3368	0.112609
3369	0.112319
3370	0.112064
3371	0.111837
3372	0.111635
3373	0.111450
3374	0.111284
3375	0.111128
3376	0.110985
3377	0.110850
3378	0.110723
3379	0.110602
3380	0.110491
3381	0.110389
3382	0.110286
3383	0.110187
3384	0.110092
3385	0.109998
3386	0.109906
3387	0.109820
3388	0.109736
3389	0.109659
3390	0.109584
3391	0.109514
3392	0.109450
3393	0.121455
3394	0.117136
3395	0.115447
3396	0.114499
3397	0.113846
3398	0.113347
3399	0.112946
3400	0.112609
3401	0.112319
3402	0.112064
3403	0.111837
3404	0.111635
3405	0.111450
3406	0.111284
3407	0.111128
3408	0.110985
3409	0.110850
3410	0.110723
3411	0.110602
3412	0.110491
3413	0.110389
3414	0.110286
3415	0.110187
3416	0.110092
3417	0.109998
3418	0.109906
3419	0.109820
3420	0.109736
3421	0.109659
3422	0.109584
3423	0.109514
3424	0.109450
3425	0.121455
3426	0.117136
3427	0.115447
3428	0.114499
3429	0.113846
3430	0.113347
3431	0.112946
3432	0.112609
3433	0.112319
3434	0.112064
3435	0.111837
3436	0.111635
3437	0.111450
3438	0.111284
3439	0.111128
3440	0.110985
3441	0.110850
3442	0.110723
3443	0.110602
3444	0.110491
3445	0.110389
3446	0.110286
3447	0.110187
3448	0.110092
3449	0.109998
3450	0.109906
3451	0.109820
3452	0.109736
3453	0.109659
3454	0.109584
3455	0.109514
3456	0.109450
3457	0.121455
3458	0.117136
3459	0.115447
3460	0.114499
3461	0.113846
3462	0.113347
3463	0.112946
3464	0.112609
3465	0.112319
3466	0.112064
3467	0.111837
3468	0.111635
3469	0.111450
3470	0.111284
3471	0.111128
3472	0.110985
3473	0.110850
3474	0.110723
3475	0.110602
3476	0.110491
3477	0.110389
3478	0.110286
3479	0.110187
3480	0.110092
3481	0.109998
3482	0.109906
3483	0.109820
3484	0.109736
3485	0.109659
3486	0.109584
3487	0.109514
3488	0.109450
3489	0.121455
3490	0.117136
3491	0.115447
3492	0.114499
3493	0.113846
3494	0.113347
3495	0.112946
3496	0.112609
3497	0.112319
3498	0.112064
3499	0.111837
3500	0.111635
3501	0.111450
3502	0.111284
3503	0.111128
3504	0.110985
3505	0.110850
3506	0.110723
3507	0.110602
3508	0.110491
3509	0.110389
3510	0.110286
3511	0.110187
3512	0.110092
3513	0.109998
3514	0.109906
3515	0.109820
3516	0.109736
3517	0.109659
3518	0.109584
3519	0.109514
3520	0.109450
3521	0.121455
3522	0.117136
3523	0.115447
3524	0.114499
3525	0.113846
3526	0.113347
3527	0.112946
3528	0.112609
3529	0.112319
3530	0.112064
3531	0.111837
3532	0.111635
3533	0.111450
3534	0.111284
3535	0.111128
3536	0.110985
3537	0.110850
3538	0.110723
3539	0.110602
3540	0.110491
3541	0.110389
3542	0.110286
3543	0.110187
3544	0.110092
3545	0.109998
3546	0.109906
3547	0.109820
3548	0.109736
3549	0.109659
3550	0.109584
3551	0.109514
3552	0.109450
3553	0.121455
3554	0.117136
3555	0.115447
3556	0.114499
3557	0.113846
3558	0.113347
3559	0.112946
3560	0.112609
3561	0.112319
3562	0.112064
3563	0.111837
3564	0.111635
3565	0.111450
3566	0.111284
3567	0.111128
3568	0.110985
3569	0.110850
3570	0.110723
3571	0.110602
3572	0.110491
3573	0.110389
3574	0.110286
3575	0.110187
3576	0.110092
3577	0.109998
3578	0.109906
3579	0.109820
3580	0.109736
3581	0.109659
3582	0.109584
3583	0.109514
3584	0.109450
3585	0.121455
3586	0.117136
3587	0.115447
3588	0.114499
3589	0.113846
3590	0.113347
3591	0.112946
3592	0.112609
3593	0.112319
3594	0.112064
3595	0.111837
3596	0.111635
3597	0.111450
3598	0.111284
3599	0.111128
3600	0.110985
3601	0.110850
3602	0.110723
3603	0.110602
3604	0.110491
3605	0.110389
3606	0.110286
3607	0.110187
3608	0.110092
3609	0.109998
3610	0.109906
3611	0.109820
3612	0.109736
3613	0.109659
3614	0.109584
3615	0.109514
3616	0.109450
3617	0.121455
3618	0.117136
3619	0.115447
3620	0.114499
3621	0.113846
3622	0.113347
3623	0.112946
3624	0.112609
3625	0.112319
3626	0.112064
3627	0.111837
3628	0.111635
3629	0.111450
3630	0.111284
3631	0.111128
3632	0.110985
3633	0.110850
3634	0.110723
3635	0.110602
3636	0.110491
3637	0.110389
3638	0.110286
3639	0.110187
3640	0.110092
3641	0.109998
3642	0.109906
3643	0.109820
3644	0.109736
3645	0.109659
3646	0.109584
3647	0.109514
3648	0.109450
3649	0.121455
3650	0.117136
3651	0.115447
3652	0.114499
3653	0.113846
3654	0.113347
3655	0.112946
3656	0.112609
3657	0.112319
3658	0.112064
3659	0.111837
3660	0.111635
3661	0.111450
3662	0.111284
3663	0.111128
3664	0.110985
3665	0.110850
3666	0.110723
3667	0.110602
3668	0.110491
3669	0.110389
3670	0.110286
3671	0.110187
3672	0.110092
3673	0.109998
3674	0.109906
3675	0.109820
3676	0.109736
3677	0.109659
3678	0.109584
3679	0.109514
3680	0.109450
3681	0.121455
3682	0.117136
3683	0.115447
3684	0.114499
3685	0.113846
3686	0.113347
3687	0.112946
3688	0.112609
3689	0.112319
3690	0.112064
3691	0.111837
3692	0.111635
3693	0.111450
3694	0.111284
3695	0.111128
3696	0.110985
3697	0.110850
3698	0.110723
3699	0.110602
3700	0.110491
3701	0.110389
3702	0.110286
3703	0.110187
3704	0.110092
3705	0.109998
3706	0.109906
3707	0.109820
3708	0.109736
3709	0.109659
3710	0.109584
3711	0.109514
3712	0.109450
3713	0.121455
3714	0.117136
3715	0.115447
3716	0.114499
3717	0.113846
3718	0.113347
3719	0.112946
3720	0.112609
3721	0.112319
3722	0.112064
3723	0.111837
3724	0.111635
3725	0.111450
3726	0.111284
3727	0.111128
3728	0.110985
3729	0.110850
3730	0.110723
3731	0.110602
3732	0.110491
3733	0.110389
3734	0.110286
3735	0.110187
3736	0.110092
3737	0.109998
3738	0.109906
3739	0.109820
3740	0.109736
3741	0.109659
3742	0.109584
3743	0.109514
3744	0.109450
3745	0.121455
3746	0.117136
3747	0.115447
3748	0.114499
3749	0.113846
3750	0.113347
3751	0.112946
3752	0.112609
3753	0.112319
3754	0.112064
3755	0.111837
3756	0.111635
3757	0.111450
3758	0.111284
3759	0.111128
3760	0.110985
3761	0.110850
3762	0.110723
3763	0.110602
3764	0.110491
3765	0.110389
3766	0.110286
3767	0.110187
3768	0.110092
3769	0.109998
3770	0.109906
3771	0.109820
3772	0.109736
3773	0.109659
3774	0.109584
3775	0.109514
3776	0.109450
3777	0.121455
3778	0.117136
3779	0.115447
3780	0.114499
3781	0.113846
3782	0.113347
3783	0.112946
3784	0.112609
3785	0.112319
3786	0.112064
3787	0.111837
3788	0.111635
3789	0.111450
3790	0.111284
3791	0.111128
3792	0.110985
3793	0.110850
3794	0.110723
3795	0.110602
3796	0.110491
3797	0.110389
3798	0.110286
3799	0.110187
3800	0.110092
3801	0.109998
3802	0.109906
3803	0.109820
3804	0.109736
3805	0.109659
3806	0.109584
3807	0.109514
3808	0.109450
3809	0.121455
3810	0.117136
3811	0.115447
3812	0.114499
3813	0.113846
3814	0.113347
3815	0.112946
3816	0.112609
3817	0.112319
3818	0.112064
3819	0.111837
3820	0.111635
3821	0.111450
3822	0.111284
3823	0.111128
3824	0.110985
3825	0.110850
3826	0.110723
3827	0.110602
3828	0.110491
3829	0.110389
3830	0.110286
3831	0.110187
3832	0.110092
3833	0.109998
3834	0.109906
3835	0.109820
3836	0.109736
3837	0.109659
3838	0.109584
3839	0.109514
3840	0.109450
3841	0.121455
3842	0.117136
3843	0.115447
3844	0.114499
3845	0.113846
3846	0.113347
3847	0.112946
3848	0.112609
3849	0.112319
3850	0.112064
3851	0.111837
3852	0.111635
3853	0.111450
3854	0.111284
3855	0.111128
3856	0.110985
3857	0.110850
3858	0.110723
3859	0.110602
3860	0.110491
3861	0.110389
3862	0.110286
3863	0.110187
3864	0.110092
3865	0.109998
3866	0.109906
3867	0.109820
3868	0.109736
3869	0.109659
3870	0.109584
3871	0.109514
3872	0.109450
3873	0.121455
3874	0.117136
3875	0.115447
3876	0.114499
3877	0.113846
3878	0.113347
3879	0.112946
3880	0.112609
3881	0.112319
3882	0.112064
3883	0.111837
3884	0.111635
3885	0.111450
3886	0.111284
3887	0.111128
3888	0.110985
3889	0.110850
3890	0.110723
3891	0.110602
3892	0.110491
3893	0.110389
3894	0.110286
3895	0.110187
3896	0.110092
3897	0.109998
3898	0.109906
3899	0.109820
3900	0.109736
3901	0.109659
3902	0.109584
3903	0.109514
3904	0.109450
3905	0.121455
3906	0.117136
3907	0.115447
3908	0.114499
3909	0.113846
3910	0.113347
3911	0.112946
3912	0.112609
3913	0.112319
3914	0.112064
3915	0.111837
3916	0.111635
3917	0.111450
3918	0.111284
3919	0.111128
3920	0.110985
3921	0.110850
3922	0.110723
3923	0.110602
3924	0.110491
3925	0.110389
3926	0.110286
3927	0.110187
3928	0.110092
3929	0.109998
3930	0.109906
3931	0.109820
3932	0.109736
3933	0.109659
3934	0.109584
3935	0.109514
3936	0.109450
3937	0.121455
3938	0.117136
3939	0.115447
3940	0.114499
3941	0.113846
3942	0.113347
3943	0.112946
3944	0.112609
3945	0.112319
3946	0.112064
3947	0.111837
3948	0.111635
3949	0.111450
3950	0.111284
3951	0.111128
3952	0.110985
3953	0.110850
3954	0.110723
3955	0.110602
3956	0.110491
3957	0.110389
3958	0.110286
3959	0.110187
3960	0.110092
3961	0.109998
3962	0.109906
3963	0.109820
3964	0.109736
3965	0.109659
3966	0.109584
3967	0.109514
3968	0.109450
3969	0.121455
3970	0.117136
3971	0.115447
3972	0.114499
3973	0.113846
3974	0.113347
3975	0.112946
3976	0.112609
3977	0.112319
3978	0.112064
3979	0.111837
3980	0.111635
3981	0.111450
3982	0.111284
3983	0.111128
3984	0.110985
3985	0.110850
3986	0.110723
3987	0.110602
3988	0.110491
3989	0.110389
3990	0.110286
3991	0.110187
3992	0.110092
3993	0.109998
3994	0.109906
3995	0.109820
3996	0.109736
3997	0.109659
3998	0.109584
3999	0.109514
4000	0.109450
4001	0.121455
4002	0.117136
4003	0.115447
4004	0.114499
4005	0.113846
4006	0.113347
4007	0.112946
4008	0.112609
4009	0.112319
4010	0.112064
4011	0.111837
4012	0.111635
4013	0.111450
4014	0.111284
4015	0.111128
4016	0.110985
4017	0.110850
4018	0.110723
4019	0.110602
4020	0.110491
4021	0.110389
4022	0.110286
4023	0.110187
4024	0.110092
4025	0.109998
4026	0.109906
4027	0.109820
4028	0.109736
4029	0.109659
4030	0.109584
4031	0.109514
4032	0.109450
4033	0.121455
4034	0.117136
4035	0.115447
4036	0.114499
4037	0.113846
4038	0.113347
4039	0.112946
4040	0.112609
4041	0.112319
4042	0.112064
4043	0.111837
4044	0.111635
4045	0.111450
4046	0.111284
4047	0.111128
4048	0.110985
4049	0.110850
4050	0.110723
4051	0.110602
4052	0.110491
4053	0.110389
4054	0.110286
4055	0.110187
4056	0.110092
4057	0.109998
4058	0.109906
4059	0.109820
4060	0.109736
4061	0.109659
4062	0.109584
4063	0.109514
4064	0.109450
4065	0.121455
4066	0.117136
4067	0.115447
4068	0.114499
4069	0.113846
4070	0.113347
4071	0.112946
4072	0.112609
4073	0.112319
4074	0.112064
4075	0.111837
4076	0.111635
4077	0.111450
4078	0.111284
4079	0.111128
4080	0.110985
4081	0.110850
4082	0.110723
4083	0.110602
4084	0.110491
4085	0.110389
4086	0.110286
4087	0.110187
4088	0.110092
4089	0.109998
4090	0.109906
4091	0.109820
4092	0.109736
4093	0.109659
4094	0.109584
4095	0.109514
4096	0.109450
4097	0.121455
4098	0.117136
4099	0.115447
4100	0.114499
4101	0.113846
4102	0.113347
4103	0.112946
4104	0.112609
4105	0.112319
4106	0.112064
4107	0.111837
4108	0.111635
4109	0.111450
4110	0.111284
4111	0.111128
4112	0.110985
4113	0.110850
4114	0.110723
4115	0.110602
4116	0.110491
4117	0.110389
4118	0.110286
4119	0.110187
4120	0.110092
4121	0.109998
4122	0.109906
4123	0.109820
4124	0.109736
4125	0.109659
4126	0.109584
4127	0.109514
4128	0.109450
4129	0.121455
4130	0.117136
4131	0.115447
4132	0.114499
4133	0.113846
4134	0.113347
4135	0.112946
4136	0.112609
4137	0.112319
4138	0.112064
4139	0.111837
4140	0.111635
4141	0.111450
4142	0.111284
4143	0.111128
4144	0.110985
4145	0.110850
4146	0.110723
4147	0.110602
4148	0.110491
4149	0.110389
4150	0.110286
4151	0.110187
4152	0.110092
4153	0.109998
4154	0.109906
4155	0.109820
4156	0.109736
4157	0.109659
4158	0.109584
4159	0.109514
4160	0.109450
4161	0.121455
4162	0.117136
4163	0.115447
4164	0.114499
4165	0.113846
4166	0.113347
4167	0.112946
4168	0.112609
4169	0.112319
4170	0.112064
4171	0.111837
4172	0.111635
4173	0.111450
4174	0.111284
4175	0.111128
4176	0.110985
4177	0.110850
4178	0.110723
4179	0.110602
4180	0.110491
4181	0.110389
4182	0.110286
4183	0.110187
4184	0.110092
4185	0.109998
4186	0.109906
4187	0.109820
4188	0.109736
4189	0.109659
4190	0.109584
4191	0.109514
4192	0.109450
4193	0.121455
4194	0.117136
4195	0.115447
4196	0.114499
4197	0.113846
4198	0.113347
4199	0.112946
4200	0.112609
4201	0.112319
4202	0.112064
4203	0.111837
4204	0.111635
4205	0.111450
4206	0.111284
4207	0.111128
4208	0.110985
4209	0.110850
4210	0.110723
4211	0.110602
4212	0.110491
4213	0.110389
4214	0.110286
4215	0.110187
4216	0.110092
4217	0.109998
4218	0.109906
4219	0.109820
4220	0.109736
4221	0.109659
4222	0.109584
4223	0.109514
4224	0.109450
4225	0.121455
4226	0.117136
4227	0.115447
4228	0.114499
4229	0.113846
4230	0.113347
4231	0.112946
4232	0.112609
4233	0.112319
4234	0.112064
4235	0.111837
4236	0.111635
4237	0.111450
4238	0.111284
4239	0.111128
4240	0.110985
4241	0.110850
4242	0.110723
4243	0.110602
4244	0.110491
4245	0.110389
4246	0.110286
4247	0.110187
4248	0.110092
4249	0.109998
4250	0.109906
4251	0.109820
4252	0.109736
4253	0.109659
4254	0.109584
4255	0.109514
4256	0.109450
4257	0.121455
4258	0.117136
4259	0.115447
4260	0.114499
4261	0.113846
4262	0.113347
4263	0.112946
4264	0.112609
4265	0.112319
4266	0.112064
4267	0.111837
4268	0.111635
4269	0.111450
4270	0.111284
4271	0.111128
4272	0.110985
4273	0.110850
4274	0.110723
4275	0.110602
4276	0.110491
4277	0.110389
4278	0.110286
4279	0.110187
4280	0.110092
4281	0.109998
4282	0.109906
4283	0.109820
4284	0.109736
4285	0.109659
4286	0.109584
4287	0.109514
4288	0.109450
4289	0.121455
4290	0.117136
4291	0.115447
4292	0.114499
4293	0.113846
4294	0.113347
4295	0.112946
4296	0.112609
4297	0.112319
4298	0.112064
4299	0.111837
4300	0.111635
4301	0.111450
4302	0.111284
4303	0.111128
4304	0.110985
4305	0.110850
4306	0.110723
4307	0.110602
4308	0.110491
4309	0.110389
4310	0.110286
4311	0.110187
4312	0.110092
4313	0.109998
4314	0.109906
4315	0.109820
4316	0.109736
4317	0.109659
4318	0.109584
4319	0.109514
4320	0.109450
4321	0.121455
4322	0.117136
4323	0.115447
4324	0.114499
4325	0.113846
4326	0.113347
4327	0.112946
4328	0.112609
4329	0.112319
4330	0.112064
4331	0.111837
4332	0.111635
4333	0.111450
4334	0.111284
4335	0.111128
4336	0.110985
4337	0.110850
4338	0.110723
4339	0.110602
4340	0.110491
4341	0.110389
4342	0.110286
4343	0.110187
4344	0.110092
4345	0.109998
4346	0.109906
4347	0.109820
4348	0.109736
4349	0.109659
4350	0.109584
4351	0.109514
4352	0.109450
4353	0.121455
4354	0.117136
4355	0.115447
4356	0.114499
4357	0.113846
4358	0.113347
4359	0.112946
4360	0.112609
4361	0.112319
4362	0.112064
4363	0.111837
4364	0.111635
4365	0.111450
4366	0.111284
4367	0.111128
4368	0.110985
4369	0.110850
4370	0.110723
4371	0.110602
4372	0.110491
4373	0.110389
4374	0.110286
4375	0.110187
4376	0.110092
4377	0.109998
4378	0.109906
4379	0.109820
4380	0.109736
4381	0.109659
4382	0.109584
4383	0.109514
4384	0.109450
4385	0.121455
4386	0.117136
4387	0.115447
4388	0.114499
4389	0.113846
4390	0.113347
4391	0.112946
4392	0.112609
4393	0.112319
4394	0.112064
4395	0.111837
4396	0.111635
4397	0.111450
4398	0.111284
4399	0.111128
4400	0.110985
4401	0.110850
4402	0.110723
4403	0.110602
4404	0.110491
4405	0.110389
4406	0.110286
4407	0.110187
4408	0.110092
4409	0.109998
4410	0.109906
4411	0.109820
4412	0.109736
4413	0.109659
4414	0.109584
4415	0.109514
4416	0.109450
4417	0.121455
4418	0.117136
4419	0.115447
4420	0.114499
4421	0.113846
4422	0.113347
4423	0.112946
4424	0.112609
4425	0.112319
4426	0.112064
4427	0.111837
4428	0.111635
4429	0.111450
4430	0.111284
4431	0.111128
4432	0.110985
4433	0.110850
4434	0.110723
4435	0.110602
4436	0.110491
4437	0.110389
4438	0.110286
4439	0.110187
4440	0.110092
4441	0.109998
4442	0.109906
4443	0.109820
4444	0.109736
4445	0.109659
4446	0.109584
4447	0.109514
4448	0.109450
4449	0.121455
4450	0.117136
4451	0.115447
4452	0.114499
4453	0.113846
4454	0.113347
4455	0.112946
4456	0.112609
4457	0.112319
4458	0.112064
4459	0.111837
4460	0.111635
4461	0.111450
4462	0.111284
4463	0.111128
4464	0.110985
4465	0.110850
4466	0.110723
4467	0.110602
4468	0.110491
4469	0.110389
4470	0.110286
4471	0.110187
4472	0.110092
4473	0.109998
4474	0.109906
4475	0.109820
4476	0.109736
4477	0.109659
4478	0.109584
4479	0.109514
4480	0.109450
4481	0.121455
4482	0.117136
4483	0.115447
4484	0.114499
4485	0.113846
4486	0.113347
4487	0.112946
4488	0.112609
4489	0.112319
4490	0.112064
4491	0.111837
4492	0.111635
4493	0.111450
4494	0.111284
4495	0.111128
4496	0.110985
4497	0.110850
4498	0.110723
4499	0.110602
4500	0.110491
4501	0.110389
4502	0.110286
4503	0.110187
4504	0.110092
4505	0.109998
4506	0.109906
4507	0.109820
4508	0.109736
4509	0.109659
4510	0.109584
4511	0.109514
4512	0.109450
4513	0.121455
4514	0.117136
4515	0.115447
4516	0.114499
4517	0.113846
4518	0.113347
4519	0.112946
4520	0.112609
4521	0.112319
4522	0.112064
4523	0.111837
4524	0.111635
4525	0.111450
4526	0.111284
4527	0.111128
4528	0.110985
4529	0.110850
4530	0.110723
4531	0.110602
4532	0.110491
4533	0.110389
4534	0.110286
4535	0.110187
4536	0.110092
4537	0.109998
4538	0.109906
4539	0.109820
4540	0.109736
4541	0.109659
4542	0.109584
4543	0.109514
4544	0.109450
4545	0.121455
4546	0.117136
4547	0.115447
4548	0.114499
4549	0.113846
4550	0.113347
4551	0.112946
4552	0.112609
4553	0.112319
4554	0.112064
4555	0.111837
4556	0.111635
4557	0.111450
4558	0.111284
4559	0.111128
4560	0.110985
4561	0.110850
4562	0.110723
4563	0.110602
4564	0.110491
4565	0.110389
4566	0.110286
4567	0.110187
4568	0.110092
4569	0.109998
4570	0.109906
4571	0.109820
4572	0.109736
4573	0.109659
4574	0.109584
4575	0.109514
4576	0.109450
4577	0.121455
4578	0.117136
4579	0.115447
4580	0.114499
4581	0.113846
4582	0.113347
4583	0.112946
4584	0.112609
4585	0.112319
4586	0.112064
4587	0.111837
4588	0.111635
4589	0.111450
4590	0.111284
4591	0.111128
4592	0.110985
4593	0.110850
4594	0.110723
4595	0.110602
4596	0.110491
4597	0.110389
4598	0.110286
4599	0.110187
4600	0.110092
4601	0.109998
4602	0.109906
4603	0.109820
4604	0.109736
4605	0.109659
4606	0.109584
4607	0.109514
4608	0.109450
4609	0.121455
4610	0.117136
4611	0.115447
4612	0.114499
4613	0.113846
4614	0.113347
4615	0.112946
4616	0.112609
4617	0.112319
4618	0.112064
4619	0.111837
4620	0.111635
4621	0.111450
4622	0.111284
4623	0.111128
4624	0.110985
4625	0.110850
4626	0.110723
4627	0.110602
4628	0.110491
4629	0.110389
4630	0.110286
4631	0.110187
4632	0.110092
4633	0.109998
4634	0.109906
4635	0.109820
4636	0.109736
4637	0.109659
4638	0.109584
4639	0.109514
4640	0.109450
4641	0.121455
4642	0.117136
4643	0.115447
4644	0.114499
4645	0.113846
4646	0.113347
4647	0.112946
4648	0.112609
4649	0.112319
4650	0.112064
4651	0.111837
4652	0.111635
4653	0.111450
4654	0.111284
4655	0.111128
4656	0.110985
4657	0.110850
4658	0.110723
4659	0.110602
4660	0.110491
4661	0.110389
4662	0.110286
4663	0.110187
4664	0.110092
4665	0.109998
4666	0.109906
4667	0.109820
4668	0.109736
4669	0.109659
4670	0.109584
4671	0.109514
4672	0.109450
4673	0.121455
4674	0.117136
4675	0.115447
4676	0.114499
4677	0.113846
4678	0.113347
4679	0.112946
4680	0.112609
4681	0.112319
4682	0.112064
4683	0.111837
4684	0.111635
4685	0.111450
4686	0.111284
4687	0.111128
4688	0.110985
4689	0.110850
4690	0.110723
4691	0.110602
4692	0.110491
4693	0.110389
4694	0.110286
4695	0.110187
4696	0.110092
4697	0.109998
4698	0.109906
4699	0.109820
4700	0.109736
4701	0.109659
4702	0.109584
4703	0.109514
4704	0.109450
4705	0.121455
4706	0.117136
4707	0.115447
4708	0.114499
4709	0.113846
4710	0.113347
4711	0.112946
4712	0.112609
4713	0.112319
4714	0.112064
4715	0.111837
4716	0.111635
4717	0.111450
4718	0.111284
4719	0.111128
4720	0.110985
4721	0.110850
4722	0.110723
4723	0.110602
4724	0.110491
4725	0.110389
4726	0.110286
4727	0.110187
4728	0.110092
4729	0.109998
4730	0.109906
4731	0.109820
4732	0.109736
4733	0.109659
4734	0.109584
4735	0.109514
4736	0.109450
4737	0.121455
4738	0.117136
4739	0.115447
4740	0.114499
4741	0.113846
4742	0.113347
4743	0.112946
4744	0.112609
4745	0.112319
4746	0.112064
4747	0.111837
4748	0.111635
4749	0.111450
4750	0.111284
4751	0.111128
4752	0.110985
4753	0.110850
4754	0.110723
4755	0.110602
4756	0.110491
4757	0.110389
4758	0.110286
4759	0.110187
4760	0.110092
4761	0.109998
4762	0.109906
4763	0.109820
4764	0.109736
4765	0.109659
4766	0.109584
4767	0.109514
4768	0.109450
4769	0.121455
4770	0.117136
4771	0.115447
4772	0.114499
4773	0.113846
4774	0.113347
4775	0.112946
4776	0.112609
4777	0.112319
4778	0.112064
4779	0.111837
4780	0.111635
4781	0.111450
4782	0.111284
4783	0.111128
4784	0.110985
4785	0.110850
4786	0.110723
4787	0.110602
4788	0.110491
4789	0.110389
4790	0.110286
4791	0.110187
4792	0.110092
4793	0.109998
4794	0.109906
4795	0.109820
4796	0.109736
4797	0.109659
4798	0.109584
4799	0.109514
4800	0.109450
4801	0.121455
4802	0.117136
4803	0.115447
4804	0.114499
4805	0.113846
4806	0.113347
4807	0.112946
4808	0.112609
4809	0.112319
4810	0.112064
4811	0.111837
4812	0.111635
4813	0.111450
4814	0.111284
4815	0.111128
4816	0.110985
4817	0.110850
4818	0.110723
4819	0.110602
4820	0.110491
4821	0.110389
4822	0.110286
4823	0.110187
4824	0.110092
4825	0.109998
4826	0.109906
4827	0.109820
4828	0.109736
4829	0.109659
4830	0.109584
4831	0.109514
4832	0.109450
4833	0.121455
4834	0.117136
4835	0.115447
4836	0.114499
4837	0.113846
4838	0.113347
4839	0.112946
4840	0.112609
4841	0.112319
4842	0.112064
4843	0.111837
4844	0.111635
4845	0.111450
4846	0.111284
4847	0.111128
4848	0.110985
4849	0.110850
4850	0.110723
4851	0.110602
4852	0.110491
4853	0.110389
4854	0.110286
4855	0.110187
4856	0.110092
4857	0.109998
4858	0.109906
4859	0.109820
4860	0.109736
4861	0.109659
4862	0.109584
4863	0.109514
4864	0.109450
4865	0.121455
4866	0.117136
4867	0.115447
4868	0.114499
4869	0.113846
4870	0.113347
4871	0.112946
4872	0.112609
4873	0.112319
4874	0.112064
4875	0.111837
4876	0.111635
4877	0.111450
4878	0.111284
4879	0.111128
4880	0.110985
4881	0.110850
4882	0.110723
4883	0.110602
4884	0.110491
4885	0.110389
4886	0.110286
4887	0.110187
4888	0.110092
4889	0.109998
4890	0.109906
4891	0.109820
4892	0.109736
4893	0.109659
4894	0.109584
4895	0.109514
4896	0.109450
4897	0.121455
4898	0.117136
4899	0.115447
4900	0.114499
4901	0.113846
4902	0.113347
4903	0.112946
4904	0.112609
4905	0.112319
4906	0.112064
4907	0.111837
4908	0.111635
4909	0.111450
4910	0.111284
4911	0.111128
4912	0.110985
4913	0.110850
4914	0.110723
4915	0.110602
4916	0.110491
4917	0.110389
4918	0.110286
4919	0.110187
4920	0.110092
4921	0.109998
4922	0.109906
4923	0.109820
4924	0.109736
4925	0.109659
4926	0.109584
4927	0.109514
4928	0.109450
